epoch:0 0.0143  0.0262  0.0177  -1.0000  0.0000  0.0151  0.0917  0.1817  0.1817  -1.0000  0.0000  0.1850  1.6440  0.008000
epoch:1 0.0615  0.2120  0.0090  -1.0000  0.2000  0.0622  0.1750  0.3558  0.3683  -1.0000  0.2000  0.3750  0.7821  0.008000
epoch:2 0.1107  0.3215  0.0077  -1.0000  0.2000  0.1087  0.2592  0.3775  0.3775  -1.0000  0.2000  0.3850  0.6483  0.008000
epoch:3 0.1769  0.4869  0.0839  -1.0000  0.2738  0.1864  0.3642  0.4733  0.4758  -1.0000  0.7000  0.4650  0.5638  0.008000
epoch:4 0.2958  0.7507  0.2261  -1.0000  0.1000  0.3017  0.3983  0.4800  0.4800  -1.0000  0.1000  0.4975  0.5053  0.008000
epoch:5 0.1696  0.4202  0.1199  -1.0000  0.2273  0.1717  0.3650  0.4117  0.4242  -1.0000  0.5000  0.4275  0.4735  0.008000
epoch:6 0.2811  0.5605  0.1978  -1.0000  0.3500  0.2810  0.3500  0.5167  0.5167  -1.0000  0.6000  0.5100  0.4138  0.008000
epoch:7 0.2883  0.5739  0.2778  -1.0000  0.2000  0.2984  0.3533  0.5158  0.5158  -1.0000  0.3000  0.5250  0.3631  0.008000
epoch:8 0.2940  0.6980  0.1326  -1.0000  0.1000  0.3051  0.3767  0.4267  0.4267  -1.0000  0.2000  0.4325  0.3497  0.008000
epoch:9 0.3476  0.8246  0.2515  -1.0000  0.1000  0.3552  0.4308  0.4350  0.4350  -1.0000  0.1000  0.4425  0.3110  0.008000
epoch:10 0.3623  0.8326  0.3237  -1.0000  0.3000  0.3621  0.4592  0.4975  0.4975  -1.0000  0.3000  0.5025  0.2953  0.008000
epoch:11 0.3512  0.7840  0.3030  -1.0000  0.1000  0.3548  0.4600  0.4642  0.4642  -1.0000  0.1000  0.4700  0.2675  0.008000
epoch:12 0.4809  0.8746  0.3692  -1.0000  0.3000  0.4843  0.5525  0.5525  0.5525  -1.0000  0.3000  0.5575  0.2540  0.008000
epoch:13 0.4351  0.8667  0.4112  -1.0000  0.1000  0.4443  0.5067  0.5067  0.5067  -1.0000  0.1000  0.5150  0.2354  0.008000
epoch:14 0.4666  0.9270  0.3941  -1.0000  0.2000  0.4719  0.5025  0.5025  0.5025  -1.0000  0.2000  0.5075  0.2278  0.008000
epoch:15 0.5010  0.8911  0.4037  -1.0000  0.1000  0.5094  0.5433  0.5475  0.5475  -1.0000  0.1000  0.5575  0.2204  0.008000
epoch:16 0.5065  0.8816  0.4558  -1.0000  0.1000  0.5177  0.5558  0.5600  0.5600  -1.0000  0.1000  0.5725  0.1980  0.000800
epoch:17 0.4876  0.8833  0.5347  -1.0000  0.0500  0.5015  0.5308  0.5350  0.5350  -1.0000  0.1000  0.5475  0.1865  0.000800
epoch:18 0.4986  0.8876  0.4432  -1.0000  0.0000  0.5154  0.5400  0.5400  0.5400  -1.0000  0.0000  0.5575  0.1855  0.000800
epoch:19 0.5204  0.9061  0.4993  -1.0000  0.0500  0.5373  0.5583  0.5625  0.5625  -1.0000  0.1000  0.5775  0.1796  0.000800
epoch:20 0.4883  0.8989  0.4432  -1.0000  0.2000  0.5011  0.5275  0.5358  0.5358  -1.0000  0.2000  0.5450  0.1765  0.000800
epoch:21 0.5074  0.8921  0.4993  -1.0000  0.0667  0.5208  0.5408  0.5492  0.5492  -1.0000  0.2000  0.5575  0.1742  0.000800
epoch:22 0.5030  0.8938  0.4993  -1.0000  0.1000  0.5158  0.5383  0.5467  0.5467  -1.0000  0.2000  0.5550  0.1701  0.000080
epoch:23 0.5067  0.8960  0.4993  -1.0000  0.2000  0.5193  0.5358  0.5442  0.5442  -1.0000  0.2000  0.5525  0.1706  0.000080
epoch:24 0.5122  0.8762  0.4993  -1.0000  0.0000  0.5298  0.5475  0.5475  0.5475  -1.0000  0.0000  0.5650  0.1682  0.000080
epoch:25 0.5090  0.9089  0.4975  -1.0000  0.2000  0.5230  0.5492  0.5575  0.5575  -1.0000  0.2000  0.5675  0.1676  0.000080
epoch:26 0.5129  0.8938  0.4993  -1.0000  0.2000  0.5267  0.5450  0.5533  0.5533  -1.0000  0.2000  0.5625  0.1724  0.000080
epoch:27 0.5022  0.8762  0.4993  -1.0000  0.0000  0.5186  0.5408  0.5408  0.5408  -1.0000  0.0000  0.5575  0.1689  0.000080
epoch:28 0.5068  0.8762  0.4993  -1.0000  0.0000  0.5241  0.5500  0.5500  0.5500  -1.0000  0.0000  0.5675  0.1702  0.000080
epoch:29 0.5037  0.8762  0.4993  -1.0000  0.0000  0.5210  0.5425  0.5425  0.5425  -1.0000  0.0000  0.5600  0.1689  0.000080
epoch:30 0.5028  0.8868  0.4993  -1.0000  0.0000  0.5205  0.5442  0.5442  0.5442  -1.0000  0.0000  0.5625  0.1690  0.000080
epoch:31 0.5023  0.8876  0.4993  -1.0000  0.0000  0.5201  0.5417  0.5417  0.5417  -1.0000  0.0000  0.5600  0.1670  0.000080
epoch:32 0.4942  0.8876  0.4572  -1.0000  0.0000  0.5106  0.5308  0.5308  0.5308  -1.0000  0.0000  0.5475  0.1657  0.000080
epoch:33 0.4981  0.8876  0.4993  -1.0000  0.0000  0.5149  0.5375  0.5375  0.5375  -1.0000  0.0000  0.5550  0.1667  0.000080
epoch:34 0.5099  0.8884  0.4993  -1.0000  0.0000  0.5266  0.5500  0.5500  0.5500  -1.0000  0.0000  0.5675  0.1674  0.000080
epoch:35 0.5033  0.8876  0.4975  -1.0000  0.0000  0.5212  0.5442  0.5442  0.5442  -1.0000  0.0000  0.5625  0.1651  0.000080
epoch:36 0.5115  0.8868  0.4975  -1.0000  0.0000  0.5294  0.5592  0.5592  0.5592  -1.0000  0.0000  0.5775  0.1650  0.000080
epoch:37 0.5069  0.8762  0.5021  -1.0000  0.0000  0.5232  0.5433  0.5433  0.5433  -1.0000  0.0000  0.5600  0.1701  0.000080
epoch:38 0.5111  0.8868  0.4993  -1.0000  0.0000  0.5289  0.5592  0.5592  0.5592  -1.0000  0.0000  0.5775  0.1670  0.000080
epoch:39 0.4979  0.9071  0.4460  -1.0000  0.0667  0.5104  0.5358  0.5442  0.5442  -1.0000  0.2000  0.5525  0.1637  0.000080
epoch:40 0.5027  0.8876  0.4975  -1.0000  0.0000  0.5196  0.5450  0.5450  0.5450  -1.0000  0.0000  0.5625  0.1656  0.000080
epoch:41 0.5073  0.8884  0.5021  -1.0000  0.0000  0.5240  0.5475  0.5475  0.5475  -1.0000  0.0000  0.5650  0.1656  0.000080
epoch:42 0.5082  0.8884  0.4993  -1.0000  0.0000  0.5260  0.5517  0.5517  0.5517  -1.0000  0.0000  0.5700  0.1657  0.000080
epoch:43 0.5102  0.8876  0.4993  -1.0000  0.0000  0.5269  0.5575  0.5575  0.5575  -1.0000  0.0000  0.5750  0.1691  0.000080
epoch:44 0.5056  0.8876  0.4993  -1.0000  0.0000  0.5224  0.5525  0.5525  0.5525  -1.0000  0.0000  0.5700  0.1653  0.000080
epoch:45 0.5130  0.8868  0.5014  -1.0000  0.0000  0.5299  0.5575  0.5575  0.5575  -1.0000  0.0000  0.5750  0.1681  0.000080
epoch:46 0.5064  0.8876  0.4975  -1.0000  0.0000  0.5242  0.5567  0.5567  0.5567  -1.0000  0.0000  0.5750  0.1633  0.000080
epoch:47 0.4989  0.8876  0.4975  -1.0000  0.0000  0.5158  0.5425  0.5425  0.5425  -1.0000  0.0000  0.5600  0.1629  0.000080
epoch:48 0.5063  0.8876  0.5080  -1.0000  0.0000  0.5232  0.5525  0.5525  0.5525  -1.0000  0.0000  0.5700  0.1685  0.000080
epoch:49 0.5066  0.8868  0.4975  -1.0000  0.0000  0.5234  0.5550  0.5550  0.5550  -1.0000  0.0000  0.5725  0.1676  0.000080
epoch:50 0.5075  0.9071  0.4975  -1.0000  0.0667  0.5210  0.5525  0.5608  0.5608  -1.0000  0.2000  0.5700  0.1637  0.000080
epoch:51 0.5041  0.8876  0.5014  -1.0000  0.0000  0.5210  0.5500  0.5500  0.5500  -1.0000  0.0000  0.5675  0.1678  0.000080
epoch:52 0.5055  0.8876  0.4975  -1.0000  0.0000  0.5224  0.5550  0.5550  0.5550  -1.0000  0.0000  0.5725  0.1656  0.000080
epoch:53 0.5083  0.8876  0.5014  -1.0000  0.0000  0.5252  0.5500  0.5500  0.5500  -1.0000  0.0000  0.5675  0.1643  0.000080
epoch:54 0.5102  0.8868  0.4975  -1.0000  0.0000  0.5270  0.5550  0.5550  0.5550  -1.0000  0.0000  0.5725  0.1620  0.000080
epoch:55 0.4969  0.8876  0.5014  -1.0000  0.0000  0.5138  0.5375  0.5375  0.5375  -1.0000  0.0000  0.5550  0.1653  0.000080
epoch:56 0.5020  0.8906  0.5014  -1.0000  0.0000  0.5191  0.5400  0.5400  0.5400  -1.0000  0.0000  0.5575  0.1618  0.000080
epoch:57 0.5042  0.8876  0.4975  -1.0000  0.0000  0.5209  0.5450  0.5450  0.5450  -1.0000  0.0000  0.5625  0.1618  0.000080
epoch:58 0.5130  0.8876  0.4975  -1.0000  0.0000  0.5299  0.5625  0.5625  0.5625  -1.0000  0.0000  0.5800  0.1606  0.000080
epoch:59 0.5025  0.8868  0.4975  -1.0000  0.0000  0.5194  0.5425  0.5425  0.5425  -1.0000  0.0000  0.5600  0.1644  0.000080
epoch:60 0.5150  0.8884  0.5014  -1.0000  0.0000  0.5319  0.5600  0.5600  0.5600  -1.0000  0.0000  0.5775  0.1621  0.000080
epoch:61 0.5097  0.8884  0.5014  -1.0000  0.0000  0.5264  0.5575  0.5575  0.5575  -1.0000  0.0000  0.5750  0.1600  0.000080
epoch:62 0.5078  0.8876  0.4975  -1.0000  0.0000  0.5246  0.5550  0.5550  0.5550  -1.0000  0.0000  0.5725  0.1639  0.000080
epoch:63 0.5029  0.8884  0.5077  -1.0000  0.0000  0.5198  0.5475  0.5475  0.5475  -1.0000  0.0000  0.5650  0.1662  0.000080
epoch:64 0.5080  0.8868  0.5014  -1.0000  0.0000  0.5248  0.5600  0.5600  0.5600  -1.0000  0.0000  0.5775  0.1619  0.000080
epoch:65 0.5140  0.8884  0.5021  -1.0000  0.0000  0.5312  0.5617  0.5617  0.5617  -1.0000  0.0000  0.5800  0.1599  0.000080
epoch:66 0.5148  0.8884  0.5021  -1.0000  0.0000  0.5320  0.5617  0.5617  0.5617  -1.0000  0.0000  0.5800  0.1632  0.000080
epoch:67 0.5058  0.8894  0.5021  -1.0000  0.0000  0.5231  0.5467  0.5467  0.5467  -1.0000  0.0000  0.5650  0.1634  0.000080
epoch:68 0.5127  0.8876  0.4975  -1.0000  0.0000  0.5299  0.5592  0.5592  0.5592  -1.0000  0.0000  0.5775  0.1594  0.000080
epoch:69 0.5000  0.8762  0.5014  -1.0000  0.0000  0.5163  0.5383  0.5383  0.5383  -1.0000  0.0000  0.5550  0.1625  0.000080
epoch:70 0.5033  0.8876  0.5014  -1.0000  0.0000  0.5201  0.5450  0.5450  0.5450  -1.0000  0.0000  0.5625  0.1618  0.000080
epoch:71 0.5092  0.8884  0.5014  -1.0000  0.0000  0.5259  0.5500  0.5500  0.5500  -1.0000  0.0000  0.5675  0.1620  0.000080
epoch:72 0.5119  0.8894  0.5077  -1.0000  0.0000  0.5292  0.5592  0.5592  0.5592  -1.0000  0.0000  0.5775  0.1621  0.000080
epoch:73 0.5147  0.8876  0.5077  -1.0000  0.0000  0.5314  0.5600  0.5600  0.5600  -1.0000  0.0000  0.5775  0.1637  0.000080
epoch:74 0.5040  0.8876  0.5077  -1.0000  0.0000  0.5211  0.5467  0.5467  0.5467  -1.0000  0.0000  0.5650  0.1579  0.000080
epoch:75 0.5072  0.8762  0.5014  -1.0000  0.0000  0.5235  0.5458  0.5458  0.5458  -1.0000  0.0000  0.5625  0.1607  0.000080
epoch:76 0.5032  0.8884  0.5014  -1.0000  0.0000  0.5201  0.5425  0.5425  0.5425  -1.0000  0.0000  0.5600  0.1593  0.000080
epoch:77 0.5094  0.8884  0.5014  -1.0000  0.0000  0.5262  0.5550  0.5550  0.5550  -1.0000  0.0000  0.5725  0.1565  0.000080
epoch:78 0.5086  0.8876  0.5014  -1.0000  0.0000  0.5253  0.5525  0.5525  0.5525  -1.0000  0.0000  0.5700  0.1623  0.000080
epoch:79 0.5089  0.8876  0.5014  -1.0000  0.0000  0.5260  0.5617  0.5617  0.5617  -1.0000  0.0000  0.5800  0.1595  0.000080
epoch:80 0.5139  0.8884  0.5014  -1.0000  0.0000  0.5314  0.5617  0.5617  0.5617  -1.0000  0.0000  0.5800  0.1588  0.000080
epoch:81 0.5141  0.8884  0.5014  -1.0000  0.0000  0.5313  0.5617  0.5617  0.5617  -1.0000  0.0000  0.5800  0.1592  0.000080
epoch:82 0.5023  0.8876  0.5077  -1.0000  0.0000  0.5194  0.5442  0.5442  0.5442  -1.0000  0.0000  0.5625  0.1609  0.000080
epoch:83 0.5031  0.8876  0.4975  -1.0000  0.0000  0.5200  0.5450  0.5450  0.5450  -1.0000  0.0000  0.5625  0.1607  0.000080
epoch:84 0.5034  0.8876  0.4975  -1.0000  0.0000  0.5201  0.5475  0.5475  0.5475  -1.0000  0.0000  0.5650  0.1611  0.000080
epoch:85 0.5061  0.8876  0.4975  -1.0000  0.0000  0.5230  0.5450  0.5450  0.5450  -1.0000  0.0000  0.5625  0.1615  0.000080
epoch:86 0.5035  0.8868  0.5077  -1.0000  0.0000  0.5203  0.5500  0.5500  0.5500  -1.0000  0.0000  0.5675  0.1610  0.000080
epoch:87 0.5093  0.8876  0.5014  -1.0000  0.0000  0.5260  0.5550  0.5550  0.5550  -1.0000  0.0000  0.5725  0.1591  0.000080
epoch:88 0.5114  0.8861  0.4975  -1.0000  0.0000  0.5282  0.5600  0.5600  0.5600  -1.0000  0.0000  0.5775  0.1625  0.000080
epoch:89 0.5127  0.8762  0.4975  -1.0000  0.0000  0.5291  0.5583  0.5583  0.5583  -1.0000  0.0000  0.5750  0.1568  0.000080
epoch:90 0.5106  0.8884  0.4975  -1.0000  0.0000  0.5275  0.5575  0.5575  0.5575  -1.0000  0.0000  0.5750  0.1543  0.000080
epoch:91 0.5106  0.8876  0.5077  -1.0000  0.0000  0.5273  0.5575  0.5575  0.5575  -1.0000  0.0000  0.5750  0.1588  0.000080
epoch:92 0.5068  0.8868  0.5014  -1.0000  0.0000  0.5235  0.5600  0.5600  0.5600  -1.0000  0.0000  0.5775  0.1575  0.000080
epoch:93 0.5025  0.8876  0.4975  -1.0000  0.0000  0.5192  0.5550  0.5550  0.5550  -1.0000  0.0000  0.5725  0.1562  0.000080
epoch:94 0.5085  0.8876  0.4975  -1.0000  0.0000  0.5254  0.5600  0.5600  0.5600  -1.0000  0.0000  0.5775  0.1584  0.000080
epoch:95 0.5133  0.8876  0.5077  -1.0000  0.0000  0.5301  0.5600  0.5600  0.5600  -1.0000  0.0000  0.5775  0.1610  0.000080
epoch:96 0.5089  0.8876  0.4975  -1.0000  0.0000  0.5258  0.5550  0.5550  0.5550  -1.0000  0.0000  0.5725  0.1580  0.000080
epoch:97 0.5030  0.8868  0.5014  -1.0000  0.0000  0.5198  0.5425  0.5425  0.5425  -1.0000  0.0000  0.5600  0.1604  0.000080
epoch:98 0.5155  0.8876  0.5014  -1.0000  0.0000  0.5329  0.5642  0.5642  0.5642  -1.0000  0.0000  0.5825  0.1567  0.000080
epoch:99 0.5128  0.8876  0.5014  -1.0000  0.0000  0.5296  0.5575  0.5575  0.5575  -1.0000  0.0000  0.5750  0.1599  0.000080
epoch:100 0.5104  0.8884  0.5077  -1.0000  0.0000  0.5272  0.5550  0.5550  0.5550  -1.0000  0.0000  0.5725  0.1582  0.000080
epoch:101 0.5088  0.8868  0.5014  -1.0000  0.0000  0.5256  0.5550  0.5550  0.5550  -1.0000  0.0000  0.5725  0.1554  0.000080
epoch:102 0.5014  0.8762  0.5014  -1.0000  0.0000  0.5178  0.5483  0.5483  0.5483  -1.0000  0.0000  0.5650  0.1581  0.000080
epoch:103 0.5050  0.8876  0.5077  -1.0000  0.0000  0.5218  0.5525  0.5525  0.5525  -1.0000  0.0000  0.5700  0.1570  0.000080
epoch:104 0.5042  0.8884  0.5014  -1.0000  0.0000  0.5210  0.5500  0.5500  0.5500  -1.0000  0.0000  0.5675  0.1576  0.000080
epoch:105 0.4792  0.8884  0.4975  -1.0000  0.0000  0.4961  0.5275  0.5275  0.5275  -1.0000  0.0000  0.5450  0.1588  0.000080
epoch:106 0.5106  0.8884  0.4516  -1.0000  0.0000  0.5268  0.5575  0.5575  0.5575  -1.0000  0.0000  0.5750  0.1583  0.000080
epoch:107 0.5029  0.8876  0.4516  -1.0000  0.0000  0.5186  0.5483  0.5483  0.5483  -1.0000  0.0000  0.5650  0.1529  0.000080
epoch:108 0.5093  0.8884  0.5014  -1.0000  0.0000  0.5261  0.5550  0.5550  0.5550  -1.0000  0.0000  0.5725  0.1559  0.000080
epoch:109 0.5116  0.8884  0.5077  -1.0000  0.0000  0.5284  0.5575  0.5575  0.5575  -1.0000  0.0000  0.5750  0.1589  0.000080
epoch:110 0.5104  0.8876  0.5014  -1.0000  0.0000  0.5272  0.5550  0.5550  0.5550  -1.0000  0.0000  0.5725  0.1553  0.000080
epoch:111 0.5048  0.8876  0.5014  -1.0000  0.0000  0.5215  0.5525  0.5525  0.5525  -1.0000  0.0000  0.5700  0.1565  0.000080
epoch:112 0.5093  0.8868  0.5014  -1.0000  0.0000  0.5260  0.5550  0.5550  0.5550  -1.0000  0.0000  0.5725  0.1550  0.000080
epoch:113 0.5132  0.8894  0.5014  -1.0000  0.0000  0.5309  0.5642  0.5642  0.5642  -1.0000  0.0000  0.5825  0.1567  0.000080
epoch:114 0.5021  0.8868  0.4453  -1.0000  0.0000  0.5179  0.5508  0.5508  0.5508  -1.0000  0.0000  0.5675  0.1545  0.000080
epoch:115 0.5045  0.8861  0.5014  -1.0000  0.0000  0.5212  0.5575  0.5575  0.5575  -1.0000  0.0000  0.5750  0.1529  0.000080
epoch:116 0.5109  0.8876  0.5014  -1.0000  0.0000  0.5276  0.5575  0.5575  0.5575  -1.0000  0.0000  0.5750  0.1565  0.000080
epoch:117 0.5092  0.8762  0.5077  -1.0000  0.0000  0.5255  0.5508  0.5508  0.5508  -1.0000  0.0000  0.5675  0.1541  0.000080
epoch:118 0.4804  0.8861  0.5014  -1.0000  0.0000  0.4973  0.5300  0.5300  0.5300  -1.0000  0.0000  0.5475  0.1571  0.000080
epoch:119 0.5557  0.8762  0.7514  -1.0000  0.0000  0.5721  0.5933  0.5933  0.5933  -1.0000  0.0000  0.6100  0.1534  0.000080
epoch:120 0.5092  0.8762  0.5077  -1.0000  0.0000  0.5255  0.5508  0.5508  0.5508  -1.0000  0.0000  0.5675  0.1574  0.000080
epoch:121 0.5535  0.8876  0.7514  -1.0000  0.0000  0.5702  0.5950  0.5950  0.5950  -1.0000  0.0000  0.6125  0.1557  0.000080
epoch:122 0.5051  0.8876  0.5077  -1.0000  0.0000  0.5222  0.5467  0.5467  0.5467  -1.0000  0.0000  0.5650  0.1518  0.000080
epoch:123 0.5038  0.8876  0.4975  -1.0000  0.0000  0.5209  0.5467  0.5467  0.5467  -1.0000  0.0000  0.5650  0.1578  0.000080
epoch:124 0.5370  0.8868  0.5077  -1.0000  0.0000  0.5538  0.5825  0.5825  0.5825  -1.0000  0.0000  0.6000  0.1535  0.000080
epoch:125 0.5116  0.8868  0.5014  -1.0000  0.0000  0.5283  0.5575  0.5575  0.5575  -1.0000  0.0000  0.5750  0.1524  0.000080
epoch:126 0.5538  0.8856  0.7514  -1.0000  0.0000  0.5706  0.6025  0.6025  0.6025  -1.0000  0.0000  0.6200  0.1537  0.000080
epoch:127 0.5100  0.8868  0.5014  -1.0000  0.0000  0.5267  0.5600  0.5600  0.5600  -1.0000  0.0000  0.5775  0.1555  0.000080
epoch:128 0.5026  0.8868  0.4516  -1.0000  0.0000  0.5184  0.5433  0.5433  0.5433  -1.0000  0.0000  0.5600  0.1534  0.000080
epoch:129 0.5100  0.8868  0.5014  -1.0000  0.0000  0.5267  0.5600  0.5600  0.5600  -1.0000  0.0000  0.5775  0.1521  0.000080
epoch:130 0.5100  0.8868  0.5014  -1.0000  0.0000  0.5267  0.5600  0.5600  0.5600  -1.0000  0.0000  0.5775  0.1579  0.000080
epoch:131 0.5055  0.8868  0.4453  -1.0000  0.0000  0.5213  0.5558  0.5558  0.5558  -1.0000  0.0000  0.5725  0.1511  0.000080
epoch:132 0.5125  0.8884  0.5014  -1.0000  0.0000  0.5297  0.5642  0.5642  0.5642  -1.0000  0.0000  0.5825  0.1520  0.000080
epoch:133 0.5092  0.8762  0.5077  -1.0000  0.0000  0.5255  0.5508  0.5508  0.5508  -1.0000  0.0000  0.5675  0.1541  0.000080
epoch:134 0.5104  0.8762  0.5014  -1.0000  0.0000  0.5270  0.5600  0.5600  0.5600  -1.0000  0.0000  0.5775  0.1528  0.000080
epoch:135 0.5116  0.8762  0.5014  -1.0000  0.0000  0.5280  0.5533  0.5533  0.5533  -1.0000  0.0000  0.5700  0.1497  0.000080
epoch:136 0.5592  0.8762  0.7577  -1.0000  0.0000  0.5756  0.6008  0.6008  0.6008  -1.0000  0.0000  0.6175  0.1519  0.000080
epoch:137 0.5398  0.8868  0.5077  -1.0000  0.0000  0.5564  0.5875  0.5875  0.5875  -1.0000  0.0000  0.6050  0.1532  0.000080
epoch:138 0.5286  0.8762  0.4516  -1.0000  0.0000  0.5439  0.5717  0.5717  0.5717  -1.0000  0.0000  0.5875  0.1529  0.000080
epoch:139 0.5108  0.8868  0.5014  -1.0000  0.0000  0.5275  0.5575  0.5575  0.5575  -1.0000  0.0000  0.5750  0.1563  0.000080
epoch:140 0.5028  0.8762  0.4453  -1.0000  0.0000  0.5182  0.5492  0.5492  0.5492  -1.0000  0.0000  0.5650  0.1529  0.000080
epoch:141 0.5345  0.8876  0.4516  -1.0000  0.0000  0.5506  0.5875  0.5875  0.5875  -1.0000  0.0000  0.6050  0.1523  0.000080
epoch:142 0.5301  0.8762  0.4516  -1.0000  0.0000  0.5454  0.5767  0.5767  0.5767  -1.0000  0.0000  0.5925  0.1503  0.000080
epoch:143 0.5578  0.8762  0.7016  -1.0000  0.0000  0.5732  0.6017  0.6017  0.6017  -1.0000  0.0000  0.6175  0.1513  0.000080
epoch:144 0.5550  0.8868  0.7016  -1.0000  0.0000  0.5708  0.6058  0.6058  0.6058  -1.0000  0.0000  0.6225  0.1505  0.000080
epoch:145 0.5538  0.8762  0.7016  -1.0000  0.0000  0.5692  0.5992  0.5992  0.5992  -1.0000  0.0000  0.6150  0.1533  0.000080
epoch:146 0.5549  0.8868  0.7016  -1.0000  0.0000  0.5707  0.6033  0.6033  0.6033  -1.0000  0.0000  0.6200  0.1535  0.000080
epoch:147 0.5398  0.8868  0.5077  -1.0000  0.0000  0.5566  0.5875  0.5875  0.5875  -1.0000  0.0000  0.6050  0.1548  0.000080
epoch:148 0.5384  0.8762  0.5077  -1.0000  0.0000  0.5548  0.5808  0.5808  0.5808  -1.0000  0.0000  0.5975  0.1515  0.000080
epoch:149 0.5333  0.8861  0.5014  -1.0000  0.0000  0.5499  0.5825  0.5825  0.5825  -1.0000  0.0000  0.6000  0.1507  0.000080
epoch:150 0.5594  0.8861  0.7577  -1.0000  0.0000  0.5762  0.6025  0.6025  0.6025  -1.0000  0.0000  0.6200  0.1519  0.000080
epoch:151 0.5617  0.8861  0.7577  -1.0000  0.0000  0.5784  0.6100  0.6100  0.6100  -1.0000  0.0000  0.6275  0.1524  0.000080
epoch:152 0.5300  0.8762  0.4516  -1.0000  0.0000  0.5456  0.5758  0.5758  0.5758  -1.0000  0.0000  0.5925  0.1525  0.000080
epoch:153 0.5036  0.8762  0.4453  -1.0000  0.0000  0.5189  0.5492  0.5492  0.5492  -1.0000  0.0000  0.5650  0.1517  0.000080
epoch:154 0.5558  0.8861  0.7016  -1.0000  0.0000  0.5715  0.6033  0.6033  0.6033  -1.0000  0.0000  0.6200  0.1525  0.000080
epoch:155 0.5568  0.8868  0.7577  -1.0000  0.0000  0.5735  0.5950  0.5950  0.5950  -1.0000  0.0000  0.6125  0.1501  0.000080
epoch:156 0.5272  0.8868  0.4453  -1.0000  0.0000  0.5430  0.5758  0.5758  0.5758  -1.0000  0.0000  0.5925  0.1530  0.000080
epoch:157 0.5264  0.8762  0.4453  -1.0000  0.0000  0.5418  0.5717  0.5717  0.5717  -1.0000  0.0000  0.5875  0.1493  0.000080
epoch:158 0.5267  0.8868  0.4453  -1.0000  0.0000  0.5424  0.5733  0.5733  0.5733  -1.0000  0.0000  0.5900  0.1508  0.000080
epoch:159 0.5575  0.8868  0.7016  -1.0000  0.0000  0.5732  0.6033  0.6033  0.6033  -1.0000  0.0000  0.6200  0.1482  0.000080
epoch:160 0.5312  0.8876  0.4516  -1.0000  0.0000  0.5469  0.5808  0.5808  0.5808  -1.0000  0.0000  0.5975  0.1507  0.000080
epoch:161 0.5303  0.8876  0.4453  -1.0000  0.0000  0.5460  0.5783  0.5783  0.5783  -1.0000  0.0000  0.5950  0.1509  0.000080
epoch:162 0.5576  0.8876  0.7016  -1.0000  0.0000  0.5733  0.6033  0.6033  0.6033  -1.0000  0.0000  0.6200  0.1487  0.000080
epoch:163 0.5577  0.8868  0.6953  -1.0000  0.0000  0.5734  0.6083  0.6083  0.6083  -1.0000  0.0000  0.6250  0.1515  0.000080
epoch:164 0.5320  0.8861  0.4453  -1.0000  0.0000  0.5476  0.5833  0.5833  0.5833  -1.0000  0.0000  0.6000  0.1498  0.000080
epoch:165 0.5324  0.8868  0.4516  -1.0000  0.0000  0.5481  0.5783  0.5783  0.5783  -1.0000  0.0000  0.5950  0.1499  0.000080
epoch:166 0.5511  0.8876  0.7016  -1.0000  0.0000  0.5669  0.5908  0.5908  0.5908  -1.0000  0.0000  0.6075  0.1495  0.000080
epoch:167 0.5296  0.8876  0.4453  -1.0000  0.0000  0.5453  0.5758  0.5758  0.5758  -1.0000  0.0000  0.5925  0.1497  0.000080
epoch:168 0.5308  0.8868  0.4516  -1.0000  0.0000  0.5466  0.5783  0.5783  0.5783  -1.0000  0.0000  0.5950  0.1462  0.000080
epoch:169 0.5536  0.8762  0.7016  -1.0000  0.0000  0.5689  0.5967  0.5967  0.5967  -1.0000  0.0000  0.6125  0.1504  0.000080
epoch:170 0.5559  0.8876  0.7016  -1.0000  0.0000  0.5717  0.6033  0.6033  0.6033  -1.0000  0.0000  0.6200  0.1511  0.000080
epoch:171 0.5592  0.8876  0.7016  -1.0000  0.0000  0.5750  0.6083  0.6083  0.6083  -1.0000  0.0000  0.6250  0.1497  0.000080
epoch:172 0.5589  0.8876  0.7016  -1.0000  0.0000  0.5747  0.6058  0.6058  0.6058  -1.0000  0.0000  0.6225  0.1493  0.000080
epoch:173 0.5589  0.8876  0.7016  -1.0000  0.0000  0.5747  0.6058  0.6058  0.6058  -1.0000  0.0000  0.6225  0.1473  0.000080
epoch:174 0.5328  0.8876  0.4453  -1.0000  0.0000  0.5486  0.5833  0.5833  0.5833  -1.0000  0.0000  0.6000  0.1483  0.000080
epoch:175 0.5618  0.8876  0.7016  -1.0000  0.0000  0.5785  0.6075  0.6075  0.6075  -1.0000  0.0000  0.6250  0.1473  0.000080
epoch:176 0.5395  0.8868  0.5077  -1.0000  0.0000  0.5563  0.5850  0.5850  0.5850  -1.0000  0.0000  0.6025  0.1499  0.000080
epoch:177 0.5578  0.8861  0.6953  -1.0000  0.0000  0.5744  0.6050  0.6050  0.6050  -1.0000  0.0000  0.6225  0.1456  0.000080
epoch:178 0.5591  0.8861  0.7016  -1.0000  0.0000  0.5748  0.6083  0.6083  0.6083  -1.0000  0.0000  0.6250  0.1480  0.000080
epoch:179 0.5564  0.8868  0.7016  -1.0000  0.0000  0.5721  0.6008  0.6008  0.6008  -1.0000  0.0000  0.6175  0.1503  0.000080
epoch:180 0.5589  0.8868  0.7016  -1.0000  0.0000  0.5746  0.6058  0.6058  0.6058  -1.0000  0.0000  0.6225  0.1477  0.000080
epoch:181 0.5605  0.8762  0.7016  -1.0000  0.0000  0.5769  0.6033  0.6033  0.6033  -1.0000  0.0000  0.6200  0.1488  0.000080
epoch:182 0.5591  0.8868  0.7016  -1.0000  0.0000  0.5748  0.6083  0.6083  0.6083  -1.0000  0.0000  0.6250  0.1509  0.000080
epoch:183 0.5589  0.8876  0.7016  -1.0000  0.0000  0.5747  0.6058  0.6058  0.6058  -1.0000  0.0000  0.6225  0.1494  0.000080
epoch:184 0.5560  0.8868  0.6953  -1.0000  0.0000  0.5717  0.6033  0.6033  0.6033  -1.0000  0.0000  0.6200  0.1479  0.000080
epoch:185 0.5574  0.8868  0.7016  -1.0000  0.0000  0.5731  0.6033  0.6033  0.6033  -1.0000  0.0000  0.6200  0.1477  0.000080
epoch:186 0.5339  0.8868  0.4516  -1.0000  0.0000  0.5496  0.5808  0.5808  0.5808  -1.0000  0.0000  0.5975  0.1475  0.000080
epoch:187 0.5567  0.8861  0.7016  -1.0000  0.0000  0.5734  0.5975  0.5975  0.5975  -1.0000  0.0000  0.6150  0.1495  0.000080
epoch:188 0.5632  0.8876  0.7016  -1.0000  0.0000  0.5799  0.6100  0.6100  0.6100  -1.0000  0.0000  0.6275  0.1468  0.000080
epoch:189 0.5396  0.8856  0.5077  -1.0000  0.0000  0.5564  0.5875  0.5875  0.5875  -1.0000  0.0000  0.6050  0.1492  0.000080
epoch:190 0.5588  0.8861  0.7016  -1.0000  0.0000  0.5745  0.6058  0.6058  0.6058  -1.0000  0.0000  0.6225  0.1488  0.000080
epoch:191 0.5525  0.8868  0.6953  -1.0000  0.0000  0.5682  0.6008  0.6008  0.6008  -1.0000  0.0000  0.6175  0.1494  0.000080
epoch:192 0.5301  0.8861  0.4516  -1.0000  0.0000  0.5457  0.5758  0.5758  0.5758  -1.0000  0.0000  0.5925  0.1485  0.000080
epoch:193 0.5589  0.8876  0.7016  -1.0000  0.0000  0.5747  0.6058  0.6058  0.6058  -1.0000  0.0000  0.6225  0.1482  0.000080
epoch:194 0.5561  0.8876  0.6953  -1.0000  0.0000  0.5718  0.6033  0.6033  0.6033  -1.0000  0.0000  0.6200  0.1448  0.000080
epoch:195 0.5559  0.8861  0.6953  -1.0000  0.0000  0.5716  0.6033  0.6033  0.6033  -1.0000  0.0000  0.6200  0.1480  0.000080
epoch:196 0.5338  0.8861  0.4516  -1.0000  0.0000  0.5495  0.5808  0.5808  0.5808  -1.0000  0.0000  0.5975  0.1495  0.000080
epoch:197 0.5589  0.8868  0.7016  -1.0000  0.0000  0.5746  0.6058  0.6058  0.6058  -1.0000  0.0000  0.6225  0.1465  0.000080
epoch:198 0.5324  0.8868  0.4516  -1.0000  0.0000  0.5481  0.5783  0.5783  0.5783  -1.0000  0.0000  0.5950  0.1472  0.000080
epoch:199 0.5588  0.8861  0.7016  -1.0000  0.0000  0.5745  0.6058  0.6058  0.6058  -1.0000  0.0000  0.6225  0.1472  0.000080
