epoch:0 0.0000  0.0000  0.0000  -1.0000  0.0000  0.0000  0.0000  0.0000  0.0000  -1.0000  0.0000  0.0000  1.6440  0.008000
epoch:1 0.0000  0.0000  0.0000  -1.0000  0.0000  0.0000  0.0000  0.0000  0.0000  -1.0000  0.0000  0.0000  0.7821  0.008000
epoch:2 0.0757  0.2586  0.0000  -1.0000  0.0250  0.1305  0.1658  0.2275  0.2275  -1.0000  0.1000  0.2325  0.6483  0.008000
epoch:3 0.1539  0.4661  0.0461  -1.0000  0.1481  0.2067  0.3200  0.5008  0.5008  -1.0000  0.7000  0.4925  0.5638  0.008000
epoch:4 0.2450  0.7680  0.0330  -1.0000  0.1015  0.3395  0.3100  0.4067  0.4067  -1.0000  0.2000  0.4150  0.5053  0.008000
epoch:5 0.1651  0.6030  0.0374  -1.0000  0.0128  0.2879  0.3142  0.3933  0.4125  -1.0000  0.5000  0.4150  0.4735  0.008000
epoch:6 0.2253  0.6301  0.1029  -1.0000  0.1580  0.3269  0.3242  0.4467  0.4550  -1.0000  0.7000  0.4400  0.4138  0.008000
epoch:7 0.3159  0.7739  0.1432  -1.0000  0.0667  0.4360  0.3908  0.4892  0.4892  -1.0000  0.2000  0.4975  0.3631  0.008000
epoch:8 0.3516  0.8230  0.1535  -1.0000  0.0500  0.4397  0.4342  0.4367  0.4367  -1.0000  0.1000  0.4475  0.3497  0.008000
epoch:9 0.3629  0.8246  0.1072  -1.0000  0.1000  0.4374  0.4283  0.4325  0.4325  -1.0000  0.1000  0.4425  0.3110  0.008000
epoch:10 0.3700  0.8350  0.1244  -1.0000  0.1167  0.4556  0.4458  0.4692  0.4692  -1.0000  0.3000  0.4700  0.2953  0.008000
epoch:11 0.3597  0.7840  0.2205  -1.0000  0.0500  0.4573  0.4517  0.4600  0.4600  -1.0000  0.2000  0.4625  0.2675  0.008000
epoch:12 0.4668  0.8597  0.4590  -1.0000  0.2000  0.5276  0.5275  0.5275  0.5275  -1.0000  0.2000  0.5350  0.2540  0.008000
epoch:13 0.3961  0.8829  0.1327  -1.0000  0.0500  0.4582  0.4567  0.4567  0.4567  -1.0000  0.1000  0.4650  0.2354  0.008000
epoch:14 0.4378  0.9270  0.3116  -1.0000  0.1000  0.4771  0.4733  0.4733  0.4733  -1.0000  0.2000  0.4775  0.2278  0.008000
epoch:15 0.4492  0.9016  0.3762  -1.0000  0.0500  0.4827  0.4883  0.4925  0.4925  -1.0000  0.1000  0.5025  0.2204  0.008000
epoch:16 0.4719  0.8956  0.6737  -1.0000  0.0333  0.5049  0.5075  0.5117  0.5117  -1.0000  0.1000  0.5225  0.1980  0.000800
epoch:17 0.4737  0.8995  0.4879  -1.0000  0.0333  0.5158  0.5092  0.5175  0.5175  -1.0000  0.2000  0.5250  0.1865  0.000800
epoch:18 0.4651  0.8876  0.4879  -1.0000  0.0000  0.4995  0.5042  0.5042  0.5042  -1.0000  0.0000  0.5200  0.1855  0.000800
epoch:19 0.5028  0.9061  0.7203  -1.0000  0.0286  0.5346  0.5283  0.5367  0.5367  -1.0000  0.2000  0.5450  0.1796  0.000800
epoch:20 0.5039  0.9139  0.6748  -1.0000  0.0500  0.5401  0.5342  0.5425  0.5425  -1.0000  0.2000  0.5500  0.1765  0.000800
epoch:21 0.4914  0.9103  0.6114  -1.0000  0.0286  0.5333  0.5250  0.5333  0.5333  -1.0000  0.2000  0.5400  0.1742  0.000800
epoch:22 0.4723  0.9114  0.4315  -1.0000  0.0167  0.5224  0.5150  0.5192  0.5192  -1.0000  0.1000  0.5300  0.1701  0.000080
epoch:23 0.4966  0.9111  0.6535  -1.0000  0.0400  0.5384  0.5317  0.5400  0.5400  -1.0000  0.2000  0.5475  0.1706  0.000080
epoch:24 0.4954  0.9089  0.6675  -1.0000  0.0167  0.5384  0.5317  0.5358  0.5358  -1.0000  0.1000  0.5475  0.1682  0.000080
epoch:25 0.4987  0.9089  0.6782  -1.0000  0.0333  0.5409  0.5342  0.5425  0.5425  -1.0000  0.2000  0.5500  0.1676  0.000080
epoch:26 0.4971  0.9100  0.6815  -1.0000  0.0333  0.5336  0.5250  0.5333  0.5333  -1.0000  0.2000  0.5400  0.1724  0.000080
epoch:27 0.4897  0.9057  0.6151  -1.0000  0.0125  0.5329  0.5250  0.5292  0.5292  -1.0000  0.1000  0.5400  0.1689  0.000080
epoch:28 0.5008  0.9122  0.7168  -1.0000  0.0200  0.5427  0.5358  0.5400  0.5400  -1.0000  0.1000  0.5525  0.1702  0.000080
epoch:29 0.4902  0.9111  0.6815  -1.0000  0.0200  0.5155  0.5167  0.5208  0.5208  -1.0000  0.1000  0.5325  0.1689  0.000080
epoch:30 0.4964  0.9101  0.6815  -1.0000  0.0200  0.5281  0.5292  0.5333  0.5333  -1.0000  0.1000  0.5450  0.1690  0.000080
epoch:31 0.4929  0.8876  0.6748  -1.0000  0.0000  0.5357  0.5292  0.5292  0.5292  -1.0000  0.0000  0.5450  0.1670  0.000080
epoch:32 0.4893  0.9111  0.6046  -1.0000  0.0200  0.5328  0.5275  0.5317  0.5317  -1.0000  0.1000  0.5425  0.1657  0.000080
epoch:33 0.4890  0.9111  0.6116  -1.0000  0.0200  0.5307  0.5250  0.5292  0.5292  -1.0000  0.1000  0.5400  0.1667  0.000080
epoch:34 0.4873  0.9018  0.6535  -1.0000  0.0100  0.5258  0.5192  0.5233  0.5233  -1.0000  0.1000  0.5350  0.1674  0.000080
epoch:35 0.4998  0.9111  0.7168  -1.0000  0.0200  0.5259  0.5283  0.5325  0.5325  -1.0000  0.1000  0.5450  0.1651  0.000080
epoch:36 0.5030  0.9035  0.7236  -1.0000  0.0125  0.5428  0.5342  0.5383  0.5383  -1.0000  0.1000  0.5500  0.1650  0.000080
epoch:37 0.4967  0.9122  0.6599  -1.0000  0.0200  0.5397  0.5317  0.5358  0.5358  -1.0000  0.1000  0.5475  0.1701  0.000080
epoch:38 0.5023  0.9129  0.7203  -1.0000  0.0250  0.5341  0.5358  0.5400  0.5400  -1.0000  0.1000  0.5525  0.1670  0.000080
epoch:39 0.4966  0.9071  0.6599  -1.0000  0.0286  0.5351  0.5275  0.5358  0.5358  -1.0000  0.2000  0.5425  0.1637  0.000080
epoch:40 0.4965  0.9139  0.6184  -1.0000  0.0250  0.5292  0.5325  0.5367  0.5367  -1.0000  0.1000  0.5475  0.1656  0.000080
epoch:41 0.4950  0.9122  0.6248  -1.0000  0.0200  0.5360  0.5300  0.5342  0.5342  -1.0000  0.1000  0.5450  0.1656  0.000080
epoch:42 0.5021  0.9122  0.7236  -1.0000  0.0200  0.5348  0.5383  0.5425  0.5425  -1.0000  0.1000  0.5550  0.1657  0.000080
epoch:43 0.4963  0.9139  0.6535  -1.0000  0.0250  0.5302  0.5317  0.5358  0.5358  -1.0000  0.1000  0.5475  0.1691  0.000080
epoch:44 0.4936  0.9111  0.6467  -1.0000  0.0200  0.5377  0.5317  0.5358  0.5358  -1.0000  0.1000  0.5475  0.1653  0.000080
epoch:45 0.4907  0.9101  0.6599  -1.0000  0.0200  0.5188  0.5217  0.5258  0.5258  -1.0000  0.1000  0.5375  0.1681  0.000080
epoch:46 0.4939  0.9035  0.7203  -1.0000  0.0111  0.5238  0.5258  0.5300  0.5300  -1.0000  0.1000  0.5425  0.1633  0.000080
epoch:47 0.4963  0.9177  0.6502  -1.0000  0.0333  0.5427  0.5367  0.5408  0.5408  -1.0000  0.1000  0.5525  0.1629  0.000080
epoch:48 0.4963  0.9139  0.6670  -1.0000  0.0250  0.5281  0.5292  0.5333  0.5333  -1.0000  0.1000  0.5450  0.1685  0.000080
epoch:49 0.4946  0.9035  0.6535  -1.0000  0.0125  0.5409  0.5342  0.5383  0.5383  -1.0000  0.1000  0.5500  0.1676  0.000080
epoch:50 0.4935  0.9071  0.6502  -1.0000  0.0333  0.5384  0.5317  0.5400  0.5400  -1.0000  0.2000  0.5475  0.1637  0.000080
epoch:51 0.4928  0.9177  0.6582  -1.0000  0.0333  0.5369  0.5292  0.5333  0.5333  -1.0000  0.1000  0.5450  0.1678  0.000080
epoch:52 0.4952  0.9054  0.6535  -1.0000  0.0125  0.5319  0.5367  0.5408  0.5408  -1.0000  0.1000  0.5525  0.1656  0.000080
epoch:53 0.4843  0.9035  0.6248  -1.0000  0.0111  0.5203  0.5175  0.5217  0.5217  -1.0000  0.1000  0.5325  0.1643  0.000080
epoch:54 0.4876  0.9101  0.6184  -1.0000  0.0200  0.5287  0.5208  0.5250  0.5250  -1.0000  0.1000  0.5350  0.1620  0.000080
epoch:55 0.4857  0.9018  0.6248  -1.0000  0.0100  0.5219  0.5150  0.5192  0.5192  -1.0000  0.1000  0.5300  0.1653  0.000080
epoch:56 0.4895  0.9077  0.6599  -1.0000  0.0143  0.5257  0.5175  0.5217  0.5217  -1.0000  0.1000  0.5325  0.1618  0.000080
epoch:57 0.4894  0.9111  0.6535  -1.0000  0.0200  0.5288  0.5242  0.5283  0.5283  -1.0000  0.1000  0.5400  0.1618  0.000080
epoch:58 0.4953  0.9035  0.6535  -1.0000  0.0111  0.5400  0.5350  0.5392  0.5392  -1.0000  0.1000  0.5500  0.1606  0.000080
epoch:59 0.4923  0.9035  0.6535  -1.0000  0.0143  0.5384  0.5317  0.5358  0.5358  -1.0000  0.1000  0.5475  0.1644  0.000080
epoch:60 0.4954  0.9083  0.6599  -1.0000  0.0167  0.5384  0.5317  0.5358  0.5358  -1.0000  0.1000  0.5475  0.1621  0.000080
epoch:61 0.4978  0.9035  0.6599  -1.0000  0.0111  0.5427  0.5367  0.5408  0.5408  -1.0000  0.1000  0.5525  0.1600  0.000080
epoch:62 0.4940  0.9054  0.6502  -1.0000  0.0125  0.5394  0.5325  0.5367  0.5367  -1.0000  0.1000  0.5475  0.1639  0.000080
epoch:63 0.4964  0.9054  0.6670  -1.0000  0.0125  0.5294  0.5317  0.5358  0.5358  -1.0000  0.1000  0.5475  0.1662  0.000080
epoch:64 0.4956  0.9035  0.6599  -1.0000  0.0125  0.5409  0.5342  0.5383  0.5383  -1.0000  0.1000  0.5500  0.1619  0.000080
epoch:65 0.4953  0.9122  0.6599  -1.0000  0.0200  0.5294  0.5317  0.5358  0.5358  -1.0000  0.1000  0.5475  0.1599  0.000080
epoch:66 0.5010  0.9035  0.6599  -1.0000  0.0111  0.5341  0.5367  0.5408  0.5408  -1.0000  0.1000  0.5525  0.1632  0.000080
epoch:67 0.4960  0.9035  0.6599  -1.0000  0.0111  0.5384  0.5317  0.5358  0.5358  -1.0000  0.1000  0.5475  0.1634  0.000080
epoch:68 0.4997  0.9111  0.6535  -1.0000  0.0200  0.5436  0.5367  0.5408  0.5408  -1.0000  0.1000  0.5525  0.1594  0.000080
epoch:69 0.4898  0.9018  0.6248  -1.0000  0.0125  0.5301  0.5233  0.5275  0.5275  -1.0000  0.1000  0.5375  0.1625  0.000080
epoch:70 0.4979  0.9054  0.6599  -1.0000  0.0125  0.5427  0.5367  0.5408  0.5408  -1.0000  0.1000  0.5525  0.1618  0.000080
epoch:71 0.4948  0.9035  0.6599  -1.0000  0.0111  0.5369  0.5300  0.5342  0.5342  -1.0000  0.1000  0.5450  0.1620  0.000080
epoch:72 0.4990  0.9054  0.6670  -1.0000  0.0125  0.5409  0.5342  0.5383  0.5383  -1.0000  0.1000  0.5500  0.1621  0.000080
epoch:73 0.4995  0.9054  0.6670  -1.0000  0.0125  0.5427  0.5367  0.5408  0.5408  -1.0000  0.1000  0.5525  0.1637  0.000080
epoch:74 0.4951  0.9111  0.6670  -1.0000  0.0200  0.5369  0.5292  0.5333  0.5333  -1.0000  0.1000  0.5450  0.1579  0.000080
epoch:75 0.4953  0.9035  0.6599  -1.0000  0.0125  0.5398  0.5342  0.5383  0.5383  -1.0000  0.1000  0.5500  0.1607  0.000080
epoch:76 0.4968  0.9054  0.6599  -1.0000  0.0125  0.5409  0.5342  0.5383  0.5383  -1.0000  0.1000  0.5500  0.1593  0.000080
epoch:77 0.4965  0.9018  0.6599  -1.0000  0.0100  0.5315  0.5342  0.5383  0.5383  -1.0000  0.1000  0.5500  0.1565  0.000080
epoch:78 0.4954  0.9035  0.6599  -1.0000  0.0111  0.5282  0.5300  0.5342  0.5342  -1.0000  0.1000  0.5450  0.1623  0.000080
epoch:79 0.4958  0.9054  0.6599  -1.0000  0.0143  0.5315  0.5342  0.5383  0.5383  -1.0000  0.1000  0.5500  0.1595  0.000080
epoch:80 0.4937  0.9054  0.6599  -1.0000  0.0125  0.5384  0.5317  0.5358  0.5358  -1.0000  0.1000  0.5475  0.1588  0.000080
epoch:81 0.4965  0.9018  0.6599  -1.0000  0.0100  0.5315  0.5342  0.5383  0.5383  -1.0000  0.1000  0.5500  0.1592  0.000080
epoch:82 0.4955  0.9054  0.6670  -1.0000  0.0125  0.5281  0.5292  0.5333  0.5333  -1.0000  0.1000  0.5450  0.1609  0.000080
epoch:83 0.4953  0.9057  0.6502  -1.0000  0.0143  0.5320  0.5342  0.5383  0.5383  -1.0000  0.1000  0.5500  0.1607  0.000080
epoch:84 0.4922  0.9139  0.6502  -1.0000  0.0250  0.5384  0.5317  0.5358  0.5358  -1.0000  0.1000  0.5475  0.1611  0.000080
epoch:85 0.4926  0.9054  0.6535  -1.0000  0.0125  0.5384  0.5317  0.5358  0.5358  -1.0000  0.1000  0.5475  0.1615  0.000080
epoch:86 0.4981  0.9047  0.6670  -1.0000  0.0143  0.5409  0.5342  0.5383  0.5383  -1.0000  0.1000  0.5500  0.1610  0.000080
epoch:87 0.4965  0.9035  0.6599  -1.0000  0.0111  0.5315  0.5342  0.5383  0.5383  -1.0000  0.1000  0.5500  0.1591  0.000080
epoch:88 0.4906  0.9018  0.6114  -1.0000  0.0100  0.5345  0.5283  0.5325  0.5325  -1.0000  0.1000  0.5425  0.1625  0.000080
epoch:89 0.4961  0.9035  0.6535  -1.0000  0.0111  0.5427  0.5367  0.5408  0.5408  -1.0000  0.1000  0.5525  0.1568  0.000080
epoch:90 0.4917  0.9018  0.6535  -1.0000  0.0100  0.5340  0.5250  0.5292  0.5292  -1.0000  0.1000  0.5400  0.1543  0.000080
epoch:91 0.4951  0.9035  0.6670  -1.0000  0.0111  0.5280  0.5300  0.5342  0.5342  -1.0000  0.1000  0.5450  0.1588  0.000080
epoch:92 0.4945  0.9035  0.6582  -1.0000  0.0125  0.5301  0.5325  0.5367  0.5367  -1.0000  0.1000  0.5475  0.1575  0.000080
epoch:93 0.4938  0.9035  0.6502  -1.0000  0.0111  0.5394  0.5325  0.5367  0.5367  -1.0000  0.1000  0.5475  0.1562  0.000080
epoch:94 0.4996  0.9054  0.6535  -1.0000  0.0125  0.5422  0.5350  0.5392  0.5392  -1.0000  0.1000  0.5500  0.1584  0.000080
epoch:95 0.4985  0.9035  0.6670  -1.0000  0.0111  0.5396  0.5325  0.5367  0.5367  -1.0000  0.1000  0.5475  0.1610  0.000080
epoch:96 0.4932  0.9003  0.6535  -1.0000  0.0091  0.5376  0.5300  0.5342  0.5342  -1.0000  0.1000  0.5450  0.1580  0.000080
epoch:97 0.4955  0.9047  0.6599  -1.0000  0.0143  0.5376  0.5300  0.5342  0.5342  -1.0000  0.1000  0.5450  0.1604  0.000080
epoch:98 0.4969  0.9071  0.6599  -1.0000  0.0167  0.5409  0.5342  0.5383  0.5383  -1.0000  0.1000  0.5500  0.1567  0.000080
epoch:99 0.4995  0.9111  0.6599  -1.0000  0.0200  0.5320  0.5342  0.5383  0.5383  -1.0000  0.1000  0.5500  0.1599  0.000080
epoch:100 0.4996  0.9035  0.6670  -1.0000  0.0111  0.5320  0.5342  0.5383  0.5383  -1.0000  0.1000  0.5500  0.1582  0.000080
epoch:101 0.4946  0.9035  0.6599  -1.0000  0.0111  0.5308  0.5317  0.5358  0.5358  -1.0000  0.1000  0.5475  0.1554  0.000080
epoch:102 0.4870  0.9035  0.6161  -1.0000  0.0125  0.5211  0.5233  0.5275  0.5275  -1.0000  0.1000  0.5375  0.1581  0.000080
epoch:103 0.4932  0.9035  0.6670  -1.0000  0.0111  0.5248  0.5250  0.5292  0.5292  -1.0000  0.1000  0.5400  0.1570  0.000080
epoch:104 0.4930  0.8884  0.6599  -1.0000  0.0000  0.5282  0.5300  0.5300  0.5300  -1.0000  0.0000  0.5450  0.1576  0.000080
epoch:105 0.4934  0.9077  0.6502  -1.0000  0.0143  0.5315  0.5342  0.5383  0.5383  -1.0000  0.1000  0.5500  0.1588  0.000080
epoch:106 0.4896  0.9122  0.6249  -1.0000  0.0200  0.5221  0.5258  0.5300  0.5300  -1.0000  0.1000  0.5400  0.1583  0.000080
epoch:107 0.4919  0.9177  0.6249  -1.0000  0.0333  0.5209  0.5242  0.5283  0.5283  -1.0000  0.1000  0.5375  0.1529  0.000080
epoch:108 0.4925  0.9054  0.6599  -1.0000  0.0125  0.5261  0.5275  0.5317  0.5317  -1.0000  0.1000  0.5425  0.1559  0.000080
epoch:109 0.4956  0.9077  0.6670  -1.0000  0.0143  0.5294  0.5317  0.5358  0.5358  -1.0000  0.1000  0.5475  0.1589  0.000080
epoch:110 0.4983  0.9054  0.6582  -1.0000  0.0125  0.5341  0.5367  0.5408  0.5408  -1.0000  0.1000  0.5525  0.1553  0.000080
epoch:111 0.4964  0.9054  0.6582  -1.0000  0.0125  0.5307  0.5325  0.5367  0.5367  -1.0000  0.1000  0.5475  0.1565  0.000080
epoch:112 0.4903  0.9035  0.6178  -1.0000  0.0125  0.5334  0.5275  0.5317  0.5317  -1.0000  0.1000  0.5425  0.1550  0.000080
epoch:113 0.5000  0.9054  0.6599  -1.0000  0.0125  0.5436  0.5367  0.5408  0.5408  -1.0000  0.1000  0.5525  0.1567  0.000080
epoch:114 0.4902  0.9047  0.6722  -1.0000  0.0143  0.5238  0.5258  0.5300  0.5300  -1.0000  0.1000  0.5400  0.1545  0.000080
epoch:115 0.5002  0.9018  0.7300  -1.0000  0.0125  0.5316  0.5317  0.5358  0.5358  -1.0000  0.1000  0.5475  0.1529  0.000080
epoch:116 0.4944  0.9018  0.6599  -1.0000  0.0100  0.5376  0.5300  0.5342  0.5342  -1.0000  0.1000  0.5450  0.1565  0.000080
epoch:117 0.4940  0.9101  0.6249  -1.0000  0.0200  0.5327  0.5258  0.5300  0.5300  -1.0000  0.1000  0.5400  0.1541  0.000080
epoch:118 0.4910  0.9018  0.6178  -1.0000  0.0111  0.5327  0.5258  0.5300  0.5300  -1.0000  0.1000  0.5400  0.1571  0.000080
epoch:119 0.5195  0.9120  0.6599  -1.0000  0.0250  0.5601  0.5525  0.5567  0.5567  -1.0000  0.1000  0.5675  0.1534  0.000080
epoch:120 0.5002  0.9120  0.6670  -1.0000  0.0250  0.5320  0.5342  0.5383  0.5383  -1.0000  0.1000  0.5500  0.1574  0.000080
epoch:121 0.5208  0.9139  0.6582  -1.0000  0.0250  0.5537  0.5550  0.5592  0.5592  -1.0000  0.1000  0.5700  0.1557  0.000080
epoch:122 0.4972  0.9054  0.6670  -1.0000  0.0125  0.5282  0.5300  0.5342  0.5342  -1.0000  0.1000  0.5450  0.1518  0.000080
epoch:123 0.4892  0.9139  0.6114  -1.0000  0.0250  0.5244  0.5275  0.5317  0.5317  -1.0000  0.1000  0.5425  0.1578  0.000080
epoch:124 0.4970  0.9035  0.6670  -1.0000  0.0125  0.5376  0.5300  0.5342  0.5342  -1.0000  0.1000  0.5450  0.1535  0.000080
epoch:125 0.4941  0.9079  0.6599  -1.0000  0.0167  0.5261  0.5275  0.5317  0.5317  -1.0000  0.1000  0.5425  0.1524  0.000080
epoch:126 0.4920  0.9003  0.6599  -1.0000  0.0111  0.5351  0.5275  0.5317  0.5317  -1.0000  0.1000  0.5425  0.1537  0.000080
epoch:127 0.4980  0.9035  0.6582  -1.0000  0.0125  0.5341  0.5367  0.5408  0.5408  -1.0000  0.1000  0.5525  0.1555  0.000080
epoch:128 0.4854  0.9167  0.6249  -1.0000  0.0333  0.5174  0.5208  0.5250  0.5250  -1.0000  0.1000  0.5350  0.1534  0.000080
epoch:129 0.4960  0.9035  0.6582  -1.0000  0.0125  0.5334  0.5367  0.5408  0.5408  -1.0000  0.1000  0.5525  0.1521  0.000080
epoch:130 0.4950  0.9035  0.6582  -1.0000  0.0125  0.5301  0.5325  0.5367  0.5367  -1.0000  0.1000  0.5475  0.1579  0.000080
epoch:131 0.4873  0.9035  0.6178  -1.0000  0.0111  0.5235  0.5283  0.5325  0.5325  -1.0000  0.1000  0.5425  0.1511  0.000080
epoch:132 0.4992  0.9054  0.6599  -1.0000  0.0125  0.5340  0.5367  0.5408  0.5408  -1.0000  0.1000  0.5525  0.1520  0.000080
epoch:133 0.4961  0.9035  0.6670  -1.0000  0.0111  0.5294  0.5317  0.5358  0.5358  -1.0000  0.1000  0.5475  0.1541  0.000080
epoch:134 0.4925  0.9018  0.6582  -1.0000  0.0125  0.5364  0.5300  0.5342  0.5342  -1.0000  0.1000  0.5450  0.1528  0.000080
epoch:135 0.4938  0.9079  0.6599  -1.0000  0.0200  0.5294  0.5317  0.5358  0.5358  -1.0000  0.1000  0.5475  0.1497  0.000080
epoch:136 0.4939  0.9035  0.6249  -1.0000  0.0111  0.5360  0.5300  0.5342  0.5342  -1.0000  0.1000  0.5450  0.1519  0.000080
epoch:137 0.5025  0.9035  0.6670  -1.0000  0.0111  0.5455  0.5392  0.5433  0.5433  -1.0000  0.1000  0.5550  0.1532  0.000080
epoch:138 0.4902  0.9177  0.6249  -1.0000  0.0333  0.5209  0.5233  0.5275  0.5275  -1.0000  0.1000  0.5375  0.1529  0.000080
epoch:139 0.4933  0.9035  0.6599  -1.0000  0.0125  0.5294  0.5317  0.5358  0.5358  -1.0000  0.1000  0.5475  0.1563  0.000080
epoch:140 0.4835  0.9054  0.6178  -1.0000  0.0143  0.5183  0.5217  0.5258  0.5258  -1.0000  0.1000  0.5350  0.1529  0.000080
epoch:141 0.4872  0.9071  0.6249  -1.0000  0.0167  0.5299  0.5258  0.5300  0.5300  -1.0000  0.1000  0.5400  0.1523  0.000080
epoch:142 0.4894  0.9035  0.6249  -1.0000  0.0111  0.5235  0.5283  0.5325  0.5325  -1.0000  0.1000  0.5425  0.1503  0.000080
epoch:143 0.5115  0.9139  0.6249  -1.0000  0.0250  0.5499  0.5442  0.5483  0.5483  -1.0000  0.1000  0.5575  0.1513  0.000080
epoch:144 0.5117  0.9035  0.6249  -1.0000  0.0125  0.5460  0.5508  0.5550  0.5550  -1.0000  0.1000  0.5650  0.1505  0.000080
epoch:145 0.4853  0.9035  0.6249  -1.0000  0.0111  0.5181  0.5217  0.5258  0.5258  -1.0000  0.1000  0.5350  0.1533  0.000080
epoch:146 0.4907  0.9167  0.6249  -1.0000  0.0333  0.5235  0.5283  0.5325  0.5325  -1.0000  0.1000  0.5425  0.1535  0.000080
epoch:147 0.4902  0.9035  0.6249  -1.0000  0.0111  0.5323  0.5275  0.5317  0.5317  -1.0000  0.1000  0.5425  0.1548  0.000080
epoch:148 0.4929  0.9047  0.6249  -1.0000  0.0143  0.5232  0.5258  0.5300  0.5300  -1.0000  0.1000  0.5400  0.1515  0.000080
epoch:149 0.4925  0.9018  0.6582  -1.0000  0.0111  0.5276  0.5300  0.5342  0.5342  -1.0000  0.1000  0.5450  0.1507  0.000080
epoch:150 0.4979  0.9026  0.6670  -1.0000  0.0125  0.5315  0.5342  0.5383  0.5383  -1.0000  0.1000  0.5500  0.1519  0.000080
epoch:151 0.4992  0.9038  0.6670  -1.0000  0.0143  0.5334  0.5367  0.5408  0.5408  -1.0000  0.1000  0.5525  0.1524  0.000080
epoch:152 0.4873  0.9047  0.6249  -1.0000  0.0143  0.5183  0.5217  0.5258  0.5258  -1.0000  0.1000  0.5350  0.1525  0.000080
epoch:153 0.4850  0.9071  0.6178  -1.0000  0.0167  0.5188  0.5217  0.5258  0.5258  -1.0000  0.1000  0.5350  0.1517  0.000080
epoch:154 0.5149  0.9038  0.6249  -1.0000  0.0143  0.5462  0.5508  0.5550  0.5550  -1.0000  0.1000  0.5650  0.1525  0.000080
epoch:155 0.5247  0.9035  0.6670  -1.0000  0.0125  0.5570  0.5592  0.5633  0.5633  -1.0000  0.1000  0.5750  0.1501  0.000080
epoch:156 0.5053  0.8868  0.6161  -1.0000  0.0000  0.5445  0.5483  0.5483  0.5483  -1.0000  0.0000  0.5625  0.1530  0.000080
epoch:157 0.4839  0.9057  0.6161  -1.0000  0.0143  0.5183  0.5217  0.5258  0.5258  -1.0000  0.1000  0.5350  0.1493  0.000080
epoch:158 0.4851  0.9079  0.6161  -1.0000  0.0200  0.5216  0.5258  0.5300  0.5300  -1.0000  0.1000  0.5400  0.1508  0.000080
epoch:159 0.5134  0.9047  0.6249  -1.0000  0.0167  0.5466  0.5508  0.5550  0.5550  -1.0000  0.1000  0.5650  0.1482  0.000080
epoch:160 0.4861  0.9177  0.6249  -1.0000  0.0333  0.5189  0.5233  0.5275  0.5275  -1.0000  0.1000  0.5375  0.1507  0.000080
epoch:161 0.4861  0.9057  0.6178  -1.0000  0.0143  0.5216  0.5258  0.5300  0.5300  -1.0000  0.1000  0.5400  0.1509  0.000080
epoch:162 0.4867  0.9177  0.6249  -1.0000  0.0333  0.5195  0.5233  0.5275  0.5275  -1.0000  0.1000  0.5375  0.1487  0.000080
epoch:163 0.5161  0.9167  0.6178  -1.0000  0.0333  0.5483  0.5533  0.5575  0.5575  -1.0000  0.1000  0.5675  0.1515  0.000080
epoch:164 0.4901  0.9158  0.6178  -1.0000  0.0333  0.5231  0.5283  0.5325  0.5325  -1.0000  0.1000  0.5425  0.1498  0.000080
epoch:165 0.4896  0.9167  0.6249  -1.0000  0.0333  0.5206  0.5258  0.5300  0.5300  -1.0000  0.1000  0.5400  0.1499  0.000080
epoch:166 0.4913  0.9177  0.6249  -1.0000  0.0333  0.5221  0.5258  0.5300  0.5300  -1.0000  0.1000  0.5400  0.1495  0.000080
epoch:167 0.5037  0.9177  0.6178  -1.0000  0.0333  0.5318  0.5358  0.5400  0.5400  -1.0000  0.1000  0.5500  0.1497  0.000080
epoch:168 0.4887  0.9047  0.6249  -1.0000  0.0143  0.5221  0.5258  0.5300  0.5300  -1.0000  0.1000  0.5400  0.1462  0.000080
epoch:169 0.4931  0.9035  0.6249  -1.0000  0.0125  0.5238  0.5258  0.5300  0.5300  -1.0000  0.1000  0.5400  0.1504  0.000080
epoch:170 0.5135  0.9054  0.6249  -1.0000  0.0143  0.5466  0.5508  0.5550  0.5550  -1.0000  0.1000  0.5650  0.1511  0.000080
epoch:171 0.4897  0.9054  0.6249  -1.0000  0.0143  0.5235  0.5283  0.5325  0.5325  -1.0000  0.1000  0.5425  0.1497  0.000080
epoch:172 0.4885  0.9054  0.6249  -1.0000  0.0143  0.5216  0.5258  0.5300  0.5300  -1.0000  0.1000  0.5400  0.1493  0.000080
epoch:173 0.5138  0.9054  0.6249  -1.0000  0.0125  0.5471  0.5508  0.5550  0.5550  -1.0000  0.1000  0.5650  0.1473  0.000080
epoch:174 0.4865  0.9177  0.6178  -1.0000  0.0333  0.5214  0.5258  0.5300  0.5300  -1.0000  0.1000  0.5400  0.1483  0.000080
epoch:175 0.5135  0.9054  0.6249  -1.0000  0.0125  0.5466  0.5508  0.5550  0.5550  -1.0000  0.1000  0.5650  0.1473  0.000080
epoch:176 0.4972  0.9035  0.6249  -1.0000  0.0111  0.5292  0.5325  0.5367  0.5367  -1.0000  0.1000  0.5475  0.1499  0.000080
epoch:177 0.5080  0.9018  0.6178  -1.0000  0.0125  0.5412  0.5467  0.5508  0.5508  -1.0000  0.1000  0.5600  0.1456  0.000080
epoch:178 0.5145  0.9052  0.6249  -1.0000  0.0167  0.5476  0.5533  0.5575  0.5575  -1.0000  0.1000  0.5675  0.1480  0.000080
epoch:179 0.5116  0.8868  0.6249  -1.0000  0.0000  0.5456  0.5508  0.5508  0.5508  -1.0000  0.0000  0.5650  0.1503  0.000080
epoch:180 0.5135  0.9167  0.6249  -1.0000  0.0333  0.5428  0.5467  0.5508  0.5508  -1.0000  0.1000  0.5600  0.1477  0.000080
epoch:181 0.4884  0.9047  0.6249  -1.0000  0.0143  0.5216  0.5258  0.5300  0.5300  -1.0000  0.1000  0.5400  0.1488  0.000080
epoch:182 0.5070  0.9035  0.6249  -1.0000  0.0125  0.5411  0.5467  0.5508  0.5508  -1.0000  0.1000  0.5600  0.1509  0.000080
epoch:183 0.5182  0.9177  0.6255  -1.0000  0.0333  0.5510  0.5533  0.5575  0.5575  -1.0000  0.1000  0.5675  0.1494  0.000080
epoch:184 0.4875  0.9167  0.6184  -1.0000  0.0333  0.5223  0.5258  0.5300  0.5300  -1.0000  0.1000  0.5400  0.1479  0.000080
epoch:185 0.5187  0.9129  0.6255  -1.0000  0.0250  0.5514  0.5558  0.5600  0.5600  -1.0000  0.1000  0.5700  0.1477  0.000080
epoch:186 0.4888  0.9035  0.6249  -1.0000  0.0125  0.5216  0.5258  0.5300  0.5300  -1.0000  0.1000  0.5400  0.1475  0.000080
epoch:187 0.5150  0.9052  0.6249  -1.0000  0.0167  0.5462  0.5508  0.5550  0.5550  -1.0000  0.1000  0.5650  0.1495  0.000080
epoch:188 0.5078  0.9071  0.6249  -1.0000  0.0167  0.5391  0.5417  0.5458  0.5458  -1.0000  0.1000  0.5550  0.1468  0.000080
epoch:189 0.5232  0.9030  0.6249  -1.0000  0.0143  0.5552  0.5600  0.5642  0.5642  -1.0000  0.1000  0.5750  0.1492  0.000080
epoch:190 0.4882  0.9038  0.6249  -1.0000  0.0143  0.5206  0.5258  0.5300  0.5300  -1.0000  0.1000  0.5400  0.1488  0.000080
epoch:191 0.5110  0.9167  0.6161  -1.0000  0.0333  0.5456  0.5508  0.5550  0.5550  -1.0000  0.1000  0.5650  0.1494  0.000080
epoch:192 0.5072  0.9018  0.6249  -1.0000  0.0125  0.5386  0.5417  0.5458  0.5458  -1.0000  0.1000  0.5550  0.1485  0.000080
epoch:193 0.5108  0.9071  0.6255  -1.0000  0.0167  0.5553  0.5483  0.5525  0.5525  -1.0000  0.1000  0.5625  0.1482  0.000080
epoch:194 0.4887  0.9054  0.6178  -1.0000  0.0125  0.5221  0.5258  0.5300  0.5300  -1.0000  0.1000  0.5400  0.1448  0.000080
epoch:195 0.4781  0.9052  0.6184  -1.0000  0.0167  0.5120  0.5150  0.5192  0.5192  -1.0000  0.1000  0.5275  0.1480  0.000080
epoch:196 0.5153  0.9018  0.6249  -1.0000  0.0125  0.5454  0.5492  0.5533  0.5533  -1.0000  0.1000  0.5625  0.1495  0.000080
epoch:197 0.5160  0.9129  0.6255  -1.0000  0.0250  0.5564  0.5508  0.5550  0.5550  -1.0000  0.1000  0.5650  0.1465  0.000080
epoch:198 0.4855  0.9061  0.6249  -1.0000  0.0167  0.5195  0.5233  0.5275  0.5275  -1.0000  0.1000  0.5375  0.1472  0.000080
epoch:199 0.5107  0.9052  0.6249  -1.0000  0.0167  0.5497  0.5442  0.5483  0.5483  -1.0000  0.1000  0.5575  0.1472  0.000080
