epoch:0 0.0262  0.0788  0.0070  -1.0000  0.0000  0.0303  0.1067  0.2267  0.2417  -1.0000  0.0000  0.2450  1.6469  0.004000
epoch:1 0.0961  0.2805  0.0140  -1.0000  0.0667  0.1010  0.1792  0.2900  0.2900  -1.0000  0.2000  0.2900  0.8344  0.004000
epoch:2 0.1124  0.4388  0.0907  -1.0000  0.3000  0.1144  0.2483  0.4200  0.4325  -1.0000  0.3000  0.4400  0.6591  0.004000
epoch:3 0.1351  0.3282  0.0767  -1.0000  0.2000  0.1344  0.2383  0.4583  0.4633  -1.0000  0.2000  0.4750  0.5446  0.004000
epoch:4 0.2586  0.6888  0.1747  -1.0000  0.2333  0.2587  0.3417  0.4633  0.4633  -1.0000  0.7000  0.4575  0.4501  0.004000
epoch:5 0.2399  0.7130  0.1148  -1.0000  0.1111  0.2487  0.3275  0.4775  0.4775  -1.0000  0.8000  0.4675  0.4090  0.004000
epoch:6 0.3979  0.8650  0.3774  -1.0000  0.1300  0.4086  0.4483  0.5225  0.5225  -1.0000  0.7000  0.5175  0.3729  0.004000
epoch:7 0.5046  0.9152  0.4793  -1.0000  0.0857  0.5216  0.5275  0.5883  0.5883  -1.0000  0.6000  0.5900  0.3183  0.004000
epoch:8 0.4075  0.9179  0.3552  -1.0000  0.0333  0.4305  0.4725  0.4992  0.4992  -1.0000  0.4000  0.5050  0.2985  0.004000
epoch:9 0.4412  0.9067  0.4096  -1.0000  0.2000  0.4512  0.4975  0.5142  0.5142  -1.0000  0.4000  0.5200  0.2862  0.004000
epoch:10 0.4820  0.9180  0.4221  -1.0000  0.0000  0.4961  0.5408  0.5408  0.5408  -1.0000  0.0000  0.5625  0.2550  0.004000
epoch:11 0.4635  0.9237  0.3542  -1.0000  0.0000  0.4814  0.5100  0.5100  0.5100  -1.0000  0.0000  0.5325  0.2499  0.004000
epoch:12 0.5523  0.9165  0.4186  -1.0000  0.5000  0.5579  0.5825  0.6242  0.6242  -1.0000  0.5000  0.6275  0.2429  0.004000
epoch:13 0.5163  0.8684  0.3869  -1.0000  0.0000  0.5269  0.5325  0.5533  0.5533  -1.0000  0.0000  0.5675  0.2135  0.004000
epoch:14 0.5380  0.9313  0.4722  -1.0000  0.0000  0.5528  0.5675  0.5842  0.5842  -1.0000  0.0000  0.6050  0.2015  0.004000
epoch:15 0.5522  0.9395  0.4654  -1.0000  0.0500  0.5738  0.5683  0.6058  0.6058  -1.0000  0.1000  0.6300  0.1915  0.004000
epoch:16 0.5580  0.9061  0.4497  -1.0000  0.0000  0.5795  0.5967  0.6217  0.6217  -1.0000  0.0000  0.6500  0.1801  0.000400
epoch:17 0.5631  0.9024  0.4362  -1.0000  0.0000  0.5819  0.6075  0.6242  0.6242  -1.0000  0.0000  0.6500  0.1673  0.000400
epoch:18 0.5734  0.9383  0.4950  -1.0000  0.2000  0.5890  0.5992  0.6242  0.6242  -1.0000  0.2000  0.6400  0.1624  0.000400
epoch:19 0.5376  0.9127  0.4378  -1.0000  0.0000  0.5557  0.5558  0.5975  0.5975  -1.0000  0.0000  0.6225  0.1601  0.000400
epoch:20 0.5698  0.9135  0.4558  -1.0000  0.0000  0.5888  0.6033  0.6158  0.6158  -1.0000  0.0000  0.6400  0.1553  0.000400
epoch:21 0.5598  0.9083  0.4883  -1.0000  0.0000  0.5774  0.6117  0.6117  0.6117  -1.0000  0.0000  0.6350  0.1567  0.000400
epoch:22 0.5476  0.9344  0.4626  -1.0000  0.1000  0.5660  0.5758  0.6008  0.6008  -1.0000  0.1000  0.6225  0.1507  0.000040
epoch:23 0.5753  0.9157  0.4626  -1.0000  0.0000  0.5933  0.6117  0.6242  0.6242  -1.0000  0.0000  0.6475  0.1552  0.000040
epoch:24 0.5443  0.9145  0.4626  -1.0000  0.0000  0.5628  0.5767  0.5975  0.5975  -1.0000  0.0000  0.6225  0.1526  0.000040
epoch:25 0.5516  0.9332  0.4558  -1.0000  0.1000  0.5698  0.5850  0.6017  0.6017  -1.0000  0.1000  0.6225  0.1517  0.000040
epoch:26 0.5438  0.9170  0.5003  -1.0000  0.0000  0.5637  0.5758  0.5967  0.5967  -1.0000  0.0000  0.6225  0.1533  0.000040
epoch:27 0.5490  0.9170  0.5003  -1.0000  0.0000  0.5698  0.5825  0.6033  0.6033  -1.0000  0.0000  0.6300  0.1517  0.000040
epoch:28 0.5531  0.9186  0.4626  -1.0000  0.0000  0.5741  0.5850  0.6058  0.6058  -1.0000  0.0000  0.6325  0.1472  0.000040
epoch:29 0.5515  0.9374  0.4198  -1.0000  0.1000  0.5650  0.5850  0.6017  0.6017  -1.0000  0.1000  0.6175  0.1515  0.000040
epoch:30 0.5421  0.9112  0.4474  -1.0000  0.0000  0.5587  0.5825  0.5950  0.5950  -1.0000  0.0000  0.6175  0.1552  0.000040
epoch:31 0.5799  0.9157  0.5038  -1.0000  0.0000  0.5995  0.6150  0.6275  0.6275  -1.0000  0.0000  0.6525  0.1545  0.000040
epoch:32 0.5465  0.9282  0.4486  -1.0000  0.1000  0.5640  0.5850  0.6100  0.6100  -1.0000  0.1000  0.6325  0.1505  0.000040
epoch:33 0.5531  0.9157  0.4834  -1.0000  0.0000  0.5717  0.5867  0.6075  0.6075  -1.0000  0.0000  0.6325  0.1514  0.000040
epoch:34 0.5517  0.9135  0.4626  -1.0000  0.0000  0.5718  0.5850  0.6058  0.6058  -1.0000  0.0000  0.6325  0.1524  0.000040
epoch:35 0.5458  0.9157  0.4626  -1.0000  0.0000  0.5649  0.5933  0.5933  0.5933  -1.0000  0.0000  0.6175  0.1531  0.000040
epoch:36 0.5431  0.9145  0.4626  -1.0000  0.0000  0.5616  0.5742  0.5950  0.5950  -1.0000  0.0000  0.6200  0.1500  0.000040
epoch:37 0.5484  0.9145  0.4626  -1.0000  0.0000  0.5675  0.5833  0.5958  0.5958  -1.0000  0.0000  0.6200  0.1490  0.000040
epoch:38 0.5528  0.9157  0.4748  -1.0000  0.0000  0.5731  0.5858  0.6150  0.6150  -1.0000  0.0000  0.6425  0.1488  0.000040
epoch:39 0.5663  0.9170  0.4626  -1.0000  0.0000  0.5841  0.5975  0.6100  0.6100  -1.0000  0.0000  0.6325  0.1463  0.000040
epoch:40 0.5698  0.9145  0.4626  -1.0000  0.0000  0.5885  0.6017  0.6142  0.6142  -1.0000  0.0000  0.6375  0.1500  0.000040
epoch:41 0.5484  0.9400  0.4626  -1.0000  0.1000  0.5647  0.5792  0.6042  0.6042  -1.0000  0.1000  0.6250  0.1512  0.000040
epoch:42 0.5676  0.9097  0.5209  -1.0000  0.0000  0.5859  0.5992  0.6200  0.6200  -1.0000  0.0000  0.6450  0.1487  0.000040
epoch:43 0.5695  0.9170  0.4626  -1.0000  0.0000  0.5883  0.6017  0.6142  0.6142  -1.0000  0.0000  0.6375  0.1496  0.000040
epoch:44 0.5684  0.9145  0.4626  -1.0000  0.0000  0.5874  0.6033  0.6158  0.6158  -1.0000  0.0000  0.6400  0.1490  0.000040
epoch:45 0.5548  0.9170  0.4570  -1.0000  0.0000  0.5746  0.5883  0.6092  0.6092  -1.0000  0.0000  0.6350  0.1476  0.000040
epoch:46 0.5395  0.9157  0.4558  -1.0000  0.0000  0.5580  0.5717  0.5925  0.5925  -1.0000  0.0000  0.6175  0.1478  0.000040
epoch:47 0.5747  0.9186  0.4626  -1.0000  0.0000  0.5952  0.6050  0.6258  0.6258  -1.0000  0.0000  0.6525  0.1466  0.000040
epoch:48 0.5549  0.9416  0.4626  -1.0000  0.1000  0.5731  0.5833  0.6083  0.6083  -1.0000  0.1000  0.6300  0.1469  0.000040
epoch:49 0.5502  0.9186  0.4332  -1.0000  0.0000  0.5654  0.5933  0.5933  0.5933  -1.0000  0.0000  0.6125  0.1500  0.000040
epoch:50 0.5709  0.9170  0.4626  -1.0000  0.0000  0.5903  0.5992  0.6200  0.6200  -1.0000  0.0000  0.6450  0.1486  0.000040
epoch:51 0.5414  0.9157  0.4626  -1.0000  0.0000  0.5596  0.5933  0.5933  0.5933  -1.0000  0.0000  0.6175  0.1497  0.000040
epoch:52 0.5363  0.9289  0.4542  -1.0000  0.1000  0.5517  0.5717  0.5925  0.5925  -1.0000  0.1000  0.6125  0.1478  0.000040
epoch:53 0.5377  0.9083  0.4474  -1.0000  0.0000  0.5556  0.5742  0.5908  0.5908  -1.0000  0.0000  0.6150  0.1468  0.000040
epoch:54 0.5769  0.9170  0.4626  -1.0000  0.0000  0.5969  0.6100  0.6267  0.6267  -1.0000  0.0000  0.6525  0.1473  0.000040
epoch:55 0.5302  0.9145  0.4673  -1.0000  0.0000  0.5468  0.5600  0.5725  0.5725  -1.0000  0.0000  0.5925  0.1488  0.000040
epoch:56 0.5410  0.9416  0.4818  -1.0000  0.1000  0.5558  0.5858  0.6025  0.6025  -1.0000  0.1000  0.6225  0.1509  0.000040
epoch:57 0.5369  0.9170  0.4437  -1.0000  0.0000  0.5544  0.5600  0.5892  0.5892  -1.0000  0.0000  0.6125  0.1453  0.000040
epoch:58 0.5664  0.9135  0.4558  -1.0000  0.0000  0.5850  0.5992  0.6117  0.6117  -1.0000  0.0000  0.6350  0.1468  0.000040
epoch:59 0.5276  0.9157  0.4264  -1.0000  0.0000  0.5437  0.5575  0.5742  0.5742  -1.0000  0.0000  0.5950  0.1490  0.000040
epoch:60 0.5609  0.9170  0.4416  -1.0000  0.0000  0.5784  0.5825  0.6117  0.6117  -1.0000  0.0000  0.6350  0.1465  0.000040
epoch:61 0.5633  0.9186  0.4411  -1.0000  0.0000  0.5812  0.6058  0.6183  0.6183  -1.0000  0.0000  0.6425  0.1467  0.000040
epoch:62 0.5506  0.9145  0.4558  -1.0000  0.0000  0.5702  0.5900  0.6025  0.6025  -1.0000  0.0000  0.6275  0.1493  0.000040
epoch:63 0.5675  0.9157  0.4558  -1.0000  0.0000  0.5855  0.6067  0.6192  0.6192  -1.0000  0.0000  0.6425  0.1450  0.000040
epoch:64 0.5661  0.9145  0.4558  -1.0000  0.0000  0.5841  0.6000  0.6167  0.6167  -1.0000  0.0000  0.6400  0.1463  0.000040
epoch:65 0.5712  0.9170  0.5038  -1.0000  0.0000  0.5893  0.6167  0.6167  0.6167  -1.0000  0.0000  0.6400  0.1473  0.000040
epoch:66 0.5300  0.9157  0.4429  -1.0000  0.0000  0.5463  0.5533  0.5825  0.5825  -1.0000  0.0000  0.6050  0.1451  0.000040
epoch:67 0.5680  0.9355  0.4558  -1.0000  0.1000  0.5848  0.6017  0.6225  0.6225  -1.0000  0.1000  0.6425  0.1487  0.000040
epoch:68 0.5270  0.9157  0.4673  -1.0000  0.0000  0.5428  0.5558  0.5725  0.5725  -1.0000  0.0000  0.5925  0.1458  0.000040
epoch:69 0.5321  0.9367  0.4712  -1.0000  0.1000  0.5465  0.5508  0.5717  0.5717  -1.0000  0.1000  0.5875  0.1456  0.000040
epoch:70 0.5888  0.9170  0.4558  -1.0000  0.0000  0.6082  0.6308  0.6475  0.6475  -1.0000  0.0000  0.6725  0.1461  0.000040
epoch:71 0.5811  0.9157  0.5007  -1.0000  0.0000  0.5994  0.6117  0.6283  0.6283  -1.0000  0.0000  0.6525  0.1474  0.000040
epoch:72 0.5395  0.9383  0.4752  -1.0000  0.1000  0.5548  0.5650  0.5983  0.5983  -1.0000  0.1000  0.6175  0.1460  0.000040
epoch:73 0.5315  0.9186  0.4332  -1.0000  0.0000  0.5485  0.5742  0.5742  0.5742  -1.0000  0.0000  0.5950  0.1444  0.000040
epoch:74 0.5611  0.9205  0.4743  -1.0000  0.0000  0.5772  0.6000  0.6000  0.6000  -1.0000  0.0000  0.6200  0.1437  0.000040
epoch:75 0.5678  0.9186  0.4558  -1.0000  0.0000  0.5874  0.6225  0.6225  0.6225  -1.0000  0.0000  0.6475  0.1429  0.000040
epoch:76 0.5476  0.9145  0.4492  -1.0000  0.0000  0.5658  0.5842  0.6008  0.6008  -1.0000  0.0000  0.6250  0.1419  0.000040
epoch:77 0.5384  0.9416  0.4260  -1.0000  0.1000  0.5546  0.5808  0.5975  0.5975  -1.0000  0.1000  0.6175  0.1448  0.000040
epoch:78 0.5371  0.9157  0.4796  -1.0000  0.0000  0.5545  0.5600  0.5892  0.5892  -1.0000  0.0000  0.6125  0.1459  0.000040
epoch:79 0.5373  0.9170  0.4967  -1.0000  0.0000  0.5554  0.5867  0.5867  0.5867  -1.0000  0.0000  0.6100  0.1477  0.000040
epoch:80 0.5309  0.9205  0.4712  -1.0000  0.0000  0.5472  0.5675  0.5675  0.5675  -1.0000  0.0000  0.5875  0.1459  0.000040
epoch:81 0.5359  0.9145  0.4712  -1.0000  0.0000  0.5531  0.5642  0.5808  0.5808  -1.0000  0.0000  0.6025  0.1474  0.000040
epoch:82 0.5734  0.9170  0.4264  -1.0000  0.0000  0.5896  0.6267  0.6267  0.6267  -1.0000  0.0000  0.6475  0.1435  0.000040
epoch:83 0.5269  0.9157  0.4264  -1.0000  0.0000  0.5419  0.5683  0.5683  0.5683  -1.0000  0.0000  0.5875  0.1453  0.000040
epoch:84 0.5634  0.9157  0.4896  -1.0000  0.0000  0.5802  0.5925  0.6092  0.6092  -1.0000  0.0000  0.6300  0.1425  0.000040
epoch:85 0.5706  0.9170  0.4558  -1.0000  0.0000  0.5900  0.6200  0.6200  0.6200  -1.0000  0.0000  0.6450  0.1481  0.000040
epoch:86 0.5725  0.9170  0.5007  -1.0000  0.0000  0.5909  0.6183  0.6183  0.6183  -1.0000  0.0000  0.6425  0.1474  0.000040
epoch:87 0.5831  0.9157  0.4626  -1.0000  0.0000  0.6025  0.6158  0.6325  0.6325  -1.0000  0.0000  0.6575  0.1419  0.000040
epoch:88 0.5776  0.9186  0.5007  -1.0000  0.0000  0.5972  0.6275  0.6275  0.6275  -1.0000  0.0000  0.6525  0.1421  0.000040
epoch:89 0.5750  0.9170  0.5007  -1.0000  0.0000  0.5950  0.6242  0.6242  0.6242  -1.0000  0.0000  0.6500  0.1432  0.000040
epoch:90 0.5367  0.9416  0.4673  -1.0000  0.1000  0.5515  0.5792  0.5833  0.5833  -1.0000  0.1000  0.6000  0.1406  0.000040
epoch:91 0.5712  0.9170  0.5007  -1.0000  0.0000  0.5895  0.6233  0.6233  0.6233  -1.0000  0.0000  0.6475  0.1432  0.000040
epoch:92 0.5384  0.9454  0.4264  -1.0000  0.1000  0.5530  0.5792  0.5833  0.5833  -1.0000  0.1000  0.6000  0.1433  0.000040
epoch:93 0.5471  0.9186  0.4626  -1.0000  0.0000  0.5664  0.5958  0.5958  0.5958  -1.0000  0.0000  0.6200  0.1421  0.000040
epoch:94 0.5324  0.9205  0.4198  -1.0000  0.0000  0.5496  0.5767  0.5767  0.5767  -1.0000  0.0000  0.5975  0.1426  0.000040
epoch:95 0.5664  0.9157  0.4626  -1.0000  0.0000  0.5847  0.5992  0.6158  0.6158  -1.0000  0.0000  0.6400  0.1437  0.000040
epoch:96 0.5420  0.9186  0.4570  -1.0000  0.0000  0.5616  0.5950  0.5950  0.5950  -1.0000  0.0000  0.6200  0.1449  0.000040
epoch:97 0.5694  0.9416  0.4626  -1.0000  0.1000  0.5856  0.6183  0.6225  0.6225  -1.0000  0.1000  0.6425  0.1412  0.000040
epoch:98 0.5728  0.9205  0.4626  -1.0000  0.0000  0.5922  0.6208  0.6208  0.6208  -1.0000  0.0000  0.6450  0.1430  0.000040
epoch:99 0.5449  0.9157  0.4626  -1.0000  0.0000  0.5642  0.5975  0.5975  0.5975  -1.0000  0.0000  0.6225  0.1455  0.000040
epoch:100 0.5232  0.9310  0.4673  -1.0000  0.1000  0.5358  0.5683  0.5725  0.5725  -1.0000  0.1000  0.5875  0.1426  0.000040
epoch:101 0.5687  0.9170  0.4492  -1.0000  0.0000  0.5869  0.6192  0.6192  0.6192  -1.0000  0.0000  0.6425  0.1443  0.000040
epoch:102 0.5700  0.9186  0.4626  -1.0000  0.0000  0.5884  0.6183  0.6183  0.6183  -1.0000  0.0000  0.6425  0.1403  0.000040
epoch:103 0.5527  0.9170  0.4332  -1.0000  0.0000  0.5678  0.5933  0.5933  0.5933  -1.0000  0.0000  0.6125  0.1440  0.000040
epoch:104 0.5644  0.9170  0.4492  -1.0000  0.0000  0.5827  0.6183  0.6183  0.6183  -1.0000  0.0000  0.6425  0.1414  0.000040
epoch:105 0.5674  0.9186  0.4626  -1.0000  0.0000  0.5866  0.6108  0.6108  0.6108  -1.0000  0.0000  0.6350  0.1423  0.000040
epoch:106 0.5696  0.9145  0.4558  -1.0000  0.0000  0.5885  0.5992  0.6158  0.6158  -1.0000  0.0000  0.6400  0.1402  0.000040
epoch:107 0.5450  0.9186  0.4626  -1.0000  0.0000  0.5634  0.5933  0.5933  0.5933  -1.0000  0.0000  0.6175  0.1385  0.000040
epoch:108 0.5814  0.9383  0.5069  -1.0000  0.1000  0.5987  0.6225  0.6267  0.6267  -1.0000  0.1000  0.6475  0.1392  0.000040
epoch:109 0.5312  0.9400  0.4332  -1.0000  0.1000  0.5456  0.5675  0.5717  0.5717  -1.0000  0.1000  0.5875  0.1419  0.000040
epoch:110 0.5720  0.9170  0.4558  -1.0000  0.0000  0.5914  0.6200  0.6200  0.6200  -1.0000  0.0000  0.6450  0.1401  0.000040
epoch:111 0.5604  0.9186  0.4264  -1.0000  0.0000  0.5756  0.6008  0.6008  0.6008  -1.0000  0.0000  0.6200  0.1406  0.000040
epoch:112 0.5434  0.9186  0.4570  -1.0000  0.0000  0.5629  0.5925  0.5925  0.5925  -1.0000  0.0000  0.6175  0.1387  0.000040
epoch:113 0.5695  0.9186  0.4626  -1.0000  0.0000  0.5888  0.6133  0.6133  0.6133  -1.0000  0.0000  0.6375  0.1385  0.000040
epoch:114 0.5579  0.9186  0.4626  -1.0000  0.0000  0.5771  0.6058  0.6058  0.6058  -1.0000  0.0000  0.6300  0.1422  0.000040
epoch:115 0.5808  0.9186  0.4626  -1.0000  0.0000  0.6001  0.6258  0.6258  0.6258  -1.0000  0.0000  0.6500  0.1406  0.000040
epoch:116 0.5827  0.9170  0.4558  -1.0000  0.0000  0.6018  0.6283  0.6283  0.6283  -1.0000  0.0000  0.6525  0.1404  0.000040
epoch:117 0.5297  0.9170  0.4712  -1.0000  0.0000  0.5458  0.5675  0.5675  0.5675  -1.0000  0.0000  0.5875  0.1411  0.000040
epoch:118 0.5780  0.9186  0.4558  -1.0000  0.0000  0.5975  0.6300  0.6300  0.6300  -1.0000  0.0000  0.6550  0.1399  0.000040
epoch:119 0.5723  0.9186  0.4558  -1.0000  0.0000  0.5925  0.6175  0.6175  0.6175  -1.0000  0.0000  0.6425  0.1408  0.000040
epoch:120 0.5542  0.9229  0.4264  -1.0000  0.0000  0.5707  0.5925  0.5925  0.5925  -1.0000  0.0000  0.6125  0.1398  0.000040
epoch:121 0.5582  0.9186  0.4773  -1.0000  0.0000  0.5778  0.6075  0.6075  0.6075  -1.0000  0.0000  0.6325  0.1419  0.000040
epoch:122 0.5375  0.9454  0.4198  -1.0000  0.1000  0.5513  0.5775  0.5817  0.5817  -1.0000  0.1000  0.5975  0.1392  0.000040
epoch:123 0.5723  0.9186  0.4626  -1.0000  0.0000  0.5918  0.6200  0.6200  0.6200  -1.0000  0.0000  0.6450  0.1396  0.000040
epoch:124 0.5777  0.9416  0.4626  -1.0000  0.1000  0.5953  0.6250  0.6292  0.6292  -1.0000  0.1000  0.6500  0.1417  0.000040
epoch:125 0.5900  0.9416  0.4734  -1.0000  0.1000  0.6076  0.6375  0.6417  0.6417  -1.0000  0.1000  0.6625  0.1370  0.000040
epoch:126 0.5543  0.9416  0.5190  -1.0000  0.1000  0.5711  0.6033  0.6075  0.6075  -1.0000  0.1000  0.6275  0.1392  0.000040
epoch:127 0.5320  0.9229  0.4673  -1.0000  0.0000  0.5485  0.5750  0.5750  0.5750  -1.0000  0.0000  0.5950  0.1389  0.000040
epoch:128 0.5573  0.9229  0.4626  -1.0000  0.0000  0.5768  0.6033  0.6033  0.6033  -1.0000  0.0000  0.6275  0.1378  0.000040
epoch:129 0.5947  0.9454  0.4834  -1.0000  0.1000  0.6116  0.6358  0.6400  0.6400  -1.0000  0.1000  0.6600  0.1399  0.000040
epoch:130 0.5574  0.9186  0.4626  -1.0000  0.0000  0.5769  0.6075  0.6075  0.6075  -1.0000  0.0000  0.6325  0.1399  0.000040
epoch:131 0.5834  0.9170  0.5266  -1.0000  0.0000  0.6028  0.6350  0.6350  0.6350  -1.0000  0.0000  0.6600  0.1426  0.000040
epoch:132 0.5581  0.9369  0.5094  -1.0000  0.0000  0.5794  0.5983  0.5983  0.5983  -1.0000  0.0000  0.6225  0.1391  0.000040
epoch:133 0.5824  0.9229  0.4967  -1.0000  0.0000  0.6020  0.6258  0.6258  0.6258  -1.0000  0.0000  0.6500  0.1414  0.000040
epoch:134 0.5472  0.9205  0.4558  -1.0000  0.0000  0.5669  0.5975  0.5975  0.5975  -1.0000  0.0000  0.6225  0.1412  0.000040
epoch:135 0.5705  0.9229  0.4626  -1.0000  0.0000  0.5893  0.6158  0.6158  0.6158  -1.0000  0.0000  0.6400  0.1394  0.000040
epoch:136 0.5850  0.9205  0.4626  -1.0000  0.0000  0.6047  0.6300  0.6300  0.6300  -1.0000  0.0000  0.6550  0.1386  0.000040
epoch:137 0.5628  0.9454  0.4657  -1.0000  0.1000  0.5800  0.6125  0.6167  0.6167  -1.0000  0.1000  0.6375  0.1385  0.000040
epoch:138 0.5772  0.9229  0.4570  -1.0000  0.0000  0.5958  0.6217  0.6217  0.6217  -1.0000  0.0000  0.6450  0.1379  0.000040
epoch:139 0.5445  0.9310  0.4743  -1.0000  0.1000  0.5584  0.5800  0.5842  0.5842  -1.0000  0.1000  0.6000  0.1375  0.000040
epoch:140 0.5362  0.9229  0.4276  -1.0000  0.0000  0.5517  0.5808  0.5808  0.5808  -1.0000  0.0000  0.6000  0.1368  0.000040
epoch:141 0.5717  0.9255  0.4402  -1.0000  0.0000  0.5886  0.6075  0.6075  0.6075  -1.0000  0.0000  0.6275  0.1398  0.000040
epoch:142 0.5747  0.9170  0.4626  -1.0000  0.0000  0.5942  0.6250  0.6250  0.6250  -1.0000  0.0000  0.6500  0.1397  0.000040
epoch:143 0.5872  0.9454  0.4657  -1.0000  0.1000  0.6043  0.6375  0.6417  0.6417  -1.0000  0.1000  0.6625  0.1380  0.000040
epoch:144 0.5699  0.9454  0.4264  -1.0000  0.1000  0.5836  0.6075  0.6117  0.6117  -1.0000  0.1000  0.6275  0.1379  0.000040
epoch:145 0.5480  0.9229  0.5076  -1.0000  0.0000  0.5657  0.5775  0.5983  0.5983  -1.0000  0.0000  0.6225  0.1362  0.000040
epoch:146 0.5583  0.9383  0.4558  -1.0000  0.1000  0.5755  0.6050  0.6092  0.6092  -1.0000  0.1000  0.6300  0.1397  0.000040
epoch:147 0.5564  0.9205  0.4834  -1.0000  0.0000  0.5761  0.6025  0.6025  0.6025  -1.0000  0.0000  0.6275  0.1395  0.000040
epoch:148 0.5600  0.9186  0.4539  -1.0000  0.0000  0.5752  0.6008  0.6008  0.6008  -1.0000  0.0000  0.6200  0.1384  0.000040
epoch:149 0.5873  0.9205  0.4594  -1.0000  0.0000  0.6050  0.6200  0.6408  0.6408  -1.0000  0.0000  0.6650  0.1387  0.000040
epoch:150 0.5669  0.9186  0.4517  -1.0000  0.0000  0.5833  0.6058  0.6267  0.6267  -1.0000  0.0000  0.6500  0.1387  0.000040
epoch:151 0.5549  0.9186  0.4657  -1.0000  0.0000  0.5729  0.6067  0.6067  0.6067  -1.0000  0.0000  0.6300  0.1383  0.000040
epoch:152 0.5403  0.9229  0.4264  -1.0000  0.0000  0.5570  0.5817  0.5817  0.5817  -1.0000  0.0000  0.6025  0.1364  0.000040
epoch:153 0.5621  0.9229  0.5007  -1.0000  0.0000  0.5819  0.6050  0.6050  0.6050  -1.0000  0.0000  0.6300  0.1398  0.000040
epoch:154 0.5395  0.9383  0.4570  -1.0000  0.1000  0.5556  0.5883  0.5925  0.5925  -1.0000  0.1000  0.6125  0.1363  0.000040
epoch:155 0.5621  0.9383  0.4626  -1.0000  0.1000  0.5791  0.6083  0.6125  0.6125  -1.0000  0.1000  0.6325  0.1356  0.000040
epoch:156 0.5368  0.9205  0.4570  -1.0000  0.0000  0.5552  0.5867  0.5867  0.5867  -1.0000  0.0000  0.6100  0.1364  0.000040
epoch:157 0.5389  0.9170  0.4198  -1.0000  0.0000  0.5550  0.5825  0.5825  0.5825  -1.0000  0.0000  0.6025  0.1362  0.000040
epoch:158 0.5745  0.9500  0.4521  -1.0000  0.1000  0.5923  0.6200  0.6242  0.6242  -1.0000  0.1000  0.6450  0.1342  0.000040
epoch:159 0.5890  0.9386  0.4734  -1.0000  0.1000  0.6066  0.6358  0.6400  0.6400  -1.0000  0.1000  0.6600  0.1369  0.000040
epoch:160 0.5664  0.9416  0.4440  -1.0000  0.1000  0.5803  0.6100  0.6142  0.6142  -1.0000  0.1000  0.6300  0.1396  0.000040
epoch:161 0.5853  0.9205  0.4734  -1.0000  0.0000  0.6047  0.6333  0.6333  0.6333  -1.0000  0.0000  0.6575  0.1370  0.000040
epoch:162 0.5679  0.9205  0.4714  -1.0000  0.0000  0.5873  0.6158  0.6158  0.6158  -1.0000  0.0000  0.6400  0.1380  0.000040
epoch:163 0.5856  0.9186  0.4773  -1.0000  0.0000  0.6051  0.6350  0.6350  0.6350  -1.0000  0.0000  0.6600  0.1365  0.000040
epoch:164 0.5866  0.9186  0.4773  -1.0000  0.0000  0.6068  0.6367  0.6367  0.6367  -1.0000  0.0000  0.6625  0.1352  0.000040
epoch:165 0.5444  0.9186  0.4576  -1.0000  0.0000  0.5607  0.5808  0.6017  0.6017  -1.0000  0.0000  0.6250  0.1354  0.000040
epoch:166 0.5644  0.9229  0.4545  -1.0000  0.0000  0.5821  0.6050  0.6258  0.6258  -1.0000  0.0000  0.6500  0.1382  0.000040
epoch:167 0.5695  0.9205  0.4437  -1.0000  0.0000  0.5861  0.6033  0.6242  0.6242  -1.0000  0.0000  0.6475  0.1369  0.000040
epoch:168 0.5725  0.9454  0.4362  -1.0000  0.1000  0.5864  0.6175  0.6217  0.6217  -1.0000  0.1000  0.6375  0.1349  0.000040
epoch:169 0.5844  0.9229  0.4558  -1.0000  0.0000  0.6042  0.6300  0.6300  0.6300  -1.0000  0.0000  0.6550  0.1376  0.000040
epoch:170 0.5814  0.9186  0.4773  -1.0000  0.0000  0.6019  0.6292  0.6292  0.6292  -1.0000  0.0000  0.6550  0.1353  0.000040
epoch:171 0.5628  0.9186  0.4545  -1.0000  0.0000  0.5803  0.6000  0.6208  0.6208  -1.0000  0.0000  0.6450  0.1345  0.000040
epoch:172 0.5658  0.9416  0.4537  -1.0000  0.1000  0.5809  0.6075  0.6325  0.6325  -1.0000  0.1000  0.6525  0.1342  0.000040
epoch:173 0.5881  0.9205  0.4734  -1.0000  0.0000  0.6084  0.6392  0.6392  0.6392  -1.0000  0.0000  0.6650  0.1372  0.000040
epoch:174 0.5738  0.9186  0.4264  -1.0000  0.0000  0.5900  0.6150  0.6150  0.6150  -1.0000  0.0000  0.6350  0.1344  0.000040
epoch:175 0.5601  0.9205  0.4467  -1.0000  0.1000  0.5741  0.5883  0.6133  0.6133  -1.0000  0.1000  0.6300  0.1357  0.000040
epoch:176 0.5794  0.9369  0.4684  -1.0000  0.0000  0.6007  0.6133  0.6133  0.6133  -1.0000  0.0000  0.6375  0.1363  0.000040
epoch:177 0.5745  0.9186  0.4657  -1.0000  0.1000  0.5905  0.6142  0.6183  0.6183  -1.0000  0.1000  0.6350  0.1352  0.000040
epoch:178 0.5846  0.9416  0.4569  -1.0000  0.1000  0.5995  0.6175  0.6425  0.6425  -1.0000  0.1000  0.6625  0.1331  0.000040
epoch:179 0.5830  0.9350  0.4549  -1.0000  0.0000  0.6011  0.6175  0.6175  0.6175  -1.0000  0.0000  0.6375  0.1353  0.000040
epoch:180 0.5753  0.9205  0.4570  -1.0000  0.0000  0.5939  0.6217  0.6217  0.6217  -1.0000  0.0000  0.6450  0.1340  0.000040
epoch:181 0.5764  0.9170  0.4605  -1.0000  0.0000  0.5939  0.6100  0.6308  0.6308  -1.0000  0.0000  0.6550  0.1345  0.000040
epoch:182 0.5815  0.9145  0.4782  -1.0000  0.0000  0.5994  0.6125  0.6292  0.6292  -1.0000  0.0000  0.6525  0.1360  0.000040
epoch:183 0.5794  0.9205  0.4558  -1.0000  0.0000  0.5991  0.6275  0.6275  0.6275  -1.0000  0.0000  0.6525  0.1365  0.000040
epoch:184 0.5944  0.9500  0.4586  -1.0000  0.1000  0.6119  0.6358  0.6400  0.6400  -1.0000  0.1000  0.6600  0.1357  0.000040
epoch:185 0.5741  0.9079  0.4685  -1.0000  0.0000  0.5929  0.6133  0.6133  0.6133  -1.0000  0.0000  0.6350  0.1340  0.000040
epoch:186 0.5609  0.9170  0.4657  -1.0000  0.0000  0.5803  0.6150  0.6150  0.6150  -1.0000  0.0000  0.6400  0.1352  0.000040
epoch:187 0.6060  0.9369  0.4900  -1.0000  0.0000  0.6277  0.6425  0.6425  0.6425  -1.0000  0.0000  0.6675  0.1358  0.000040
epoch:188 0.6014  0.9563  0.4900  -1.0000  0.1000  0.6194  0.6342  0.6383  0.6383  -1.0000  0.1000  0.6575  0.1345  0.000040
epoch:189 0.5867  0.9186  0.4834  -1.0000  0.0000  0.6050  0.6317  0.6317  0.6317  -1.0000  0.0000  0.6550  0.1359  0.000040
epoch:190 0.6037  0.9334  0.4960  -1.0000  0.0000  0.6248  0.6358  0.6358  0.6358  -1.0000  0.0000  0.6600  0.1361  0.000040
epoch:191 0.5767  0.9367  0.4467  -1.0000  0.1000  0.5908  0.6183  0.6433  0.6433  -1.0000  0.1000  0.6625  0.1344  0.000040
epoch:192 0.5761  0.9145  0.4773  -1.0000  0.0000  0.5951  0.6092  0.6258  0.6258  -1.0000  0.0000  0.6500  0.1346  0.000040
epoch:193 0.5742  0.9229  0.4657  -1.0000  0.0000  0.5941  0.6275  0.6275  0.6275  -1.0000  0.0000  0.6525  0.1340  0.000040
epoch:194 0.5771  0.9205  0.4479  -1.0000  0.0000  0.5943  0.6167  0.6167  0.6167  -1.0000  0.0000  0.6375  0.1354  0.000040
epoch:195 0.5711  0.9186  0.4546  -1.0000  0.0000  0.5888  0.6075  0.6283  0.6283  -1.0000  0.0000  0.6525  0.1335  0.000040
epoch:196 0.5802  0.9186  0.4834  -1.0000  0.0000  0.5985  0.6283  0.6283  0.6283  -1.0000  0.0000  0.6525  0.1349  0.000040
epoch:197 0.6037  0.9383  0.4714  -1.0000  0.1000  0.6204  0.6550  0.6592  0.6592  -1.0000  0.1000  0.6800  0.1345  0.000040
epoch:198 0.5926  0.9205  0.4773  -1.0000  0.0000  0.6116  0.6342  0.6342  0.6342  -1.0000  0.0000  0.6575  0.1345  0.000040
epoch:199 0.5992  0.9320  0.4752  -1.0000  0.0000  0.6199  0.6317  0.6317  0.6317  -1.0000  0.0000  0.6550  0.1341  0.000040
