epoch:0 0.0000  0.0000  0.0000  -1.0000  0.0000  0.0000  0.0000  0.0000  0.0000  -1.0000  0.0000  0.0000  1.6469  0.004000
epoch:1 0.0000  0.0000  0.0000  -1.0000  0.0000  0.0000  0.0000  0.0000  0.0000  -1.0000  0.0000  0.0000  0.8344  0.004000
epoch:2 0.0872  0.4503  0.0019  -1.0000  0.0033  0.1293  0.1725  0.3817  0.3817  -1.0000  0.2000  0.3875  0.6591  0.004000
epoch:3 0.1924  0.5048  0.0421  -1.0000  0.0000  0.3108  0.2667  0.4142  0.4242  -1.0000  0.0000  0.4300  0.5446  0.004000
epoch:4 0.2623  0.7220  0.0577  -1.0000  0.0515  0.3803  0.3250  0.4267  0.4458  -1.0000  0.6000  0.4400  0.4501  0.004000
epoch:5 0.2674  0.7110  0.0114  -1.0000  0.0115  0.4129  0.3333  0.4367  0.4392  -1.0000  0.5000  0.4375  0.4090  0.004000
epoch:6 0.4157  0.8830  0.1220  -1.0000  0.0721  0.4928  0.4833  0.5292  0.5292  -1.0000  0.6000  0.5275  0.3729  0.004000
epoch:7 0.4697  0.9218  0.2622  -1.0000  0.0195  0.5208  0.4992  0.5450  0.5450  -1.0000  0.6000  0.5425  0.3183  0.004000
epoch:8 0.4034  0.9022  0.1748  -1.0000  0.0114  0.4709  0.4567  0.4742  0.4742  -1.0000  0.3000  0.4800  0.2985  0.004000
epoch:9 0.4344  0.9067  0.2553  -1.0000  0.0375  0.4806  0.4900  0.5025  0.5025  -1.0000  0.3000  0.5125  0.2862  0.004000
epoch:10 0.4587  0.8893  0.4534  -1.0000  0.0000  0.4965  0.4858  0.4908  0.4908  -1.0000  0.0000  0.5025  0.2550  0.004000
epoch:11 0.4958  0.8910  0.6733  -1.0000  0.0000  0.5416  0.5425  0.5450  0.5450  -1.0000  0.0000  0.5675  0.2499  0.004000
epoch:12 0.5358  0.9213  0.6542  -1.0000  0.0476  0.5879  0.5767  0.6133  0.6133  -1.0000  0.3000  0.6250  0.2429  0.004000
epoch:13 0.4995  0.9202  0.6312  -1.0000  0.0000  0.5445  0.5183  0.5433  0.5433  -1.0000  0.0000  0.5600  0.2135  0.004000
epoch:14 0.5463  0.9313  0.7480  -1.0000  0.0000  0.5884  0.5717  0.5883  0.5883  -1.0000  0.0000  0.6125  0.2015  0.004000
epoch:15 0.5560  0.9395  0.7225  -1.0000  0.0222  0.5992  0.5642  0.6058  0.6058  -1.0000  0.2000  0.6200  0.1915  0.004000
epoch:16 0.5513  0.9061  0.7084  -1.0000  0.0000  0.5928  0.5717  0.6008  0.6008  -1.0000  0.0000  0.6250  0.1801  0.000400
epoch:17 0.5548  0.9024  0.7119  -1.0000  0.0000  0.6064  0.5808  0.6100  0.6100  -1.0000  0.0000  0.6350  0.1673  0.000400
epoch:18 0.5558  0.9383  0.7097  -1.0000  0.0200  0.5964  0.5717  0.6050  0.6050  -1.0000  0.1000  0.6250  0.1624  0.000400
epoch:19 0.5614  0.9127  0.7213  -1.0000  0.0000  0.6069  0.5708  0.6125  0.6125  -1.0000  0.0000  0.6375  0.1601  0.000400
epoch:20 0.5607  0.9135  0.7119  -1.0000  0.0000  0.6028  0.5767  0.6058  0.6058  -1.0000  0.0000  0.6300  0.1553  0.000400
epoch:21 0.5511  0.9083  0.7097  -1.0000  0.0000  0.5973  0.6058  0.6058  0.6058  -1.0000  0.0000  0.6300  0.1567  0.000400
epoch:22 0.5411  0.9344  0.7150  -1.0000  0.0125  0.5786  0.5517  0.5850  0.5850  -1.0000  0.1000  0.6050  0.1507  0.000040
epoch:23 0.5581  0.9157  0.7132  -1.0000  0.0000  0.5988  0.5767  0.6058  0.6058  -1.0000  0.0000  0.6300  0.1552  0.000040
epoch:24 0.5540  0.9145  0.7090  -1.0000  0.0000  0.5943  0.5725  0.6017  0.6017  -1.0000  0.0000  0.6250  0.1526  0.000040
epoch:25 0.5577  0.9332  0.7125  -1.0000  0.0143  0.5917  0.5725  0.6017  0.6017  -1.0000  0.1000  0.6200  0.1517  0.000040
epoch:26 0.5633  0.9170  0.7140  -1.0000  0.0000  0.6069  0.5808  0.6100  0.6100  -1.0000  0.0000  0.6350  0.1533  0.000040
epoch:27 0.5575  0.9170  0.7140  -1.0000  0.0000  0.6010  0.5750  0.6042  0.6042  -1.0000  0.0000  0.6275  0.1517  0.000040
epoch:28 0.5403  0.9186  0.7150  -1.0000  0.0000  0.5858  0.5558  0.5850  0.5850  -1.0000  0.0000  0.6100  0.1472  0.000040
epoch:29 0.5534  0.9374  0.7119  -1.0000  0.0200  0.5869  0.5667  0.6000  0.6000  -1.0000  0.1000  0.6175  0.1515  0.000040
epoch:30 0.5284  0.9112  0.7114  -1.0000  0.0000  0.5657  0.5450  0.5742  0.5742  -1.0000  0.0000  0.5975  0.1552  0.000040
epoch:31 0.5637  0.9157  0.7132  -1.0000  0.0000  0.6052  0.5808  0.6100  0.6100  -1.0000  0.0000  0.6350  0.1545  0.000040
epoch:32 0.5581  0.9282  0.7125  -1.0000  0.0167  0.5947  0.5792  0.6125  0.6125  -1.0000  0.1000  0.6325  0.1505  0.000040
epoch:33 0.5689  0.9157  0.7340  -1.0000  0.0000  0.6115  0.5858  0.6150  0.6150  -1.0000  0.0000  0.6400  0.1514  0.000040
epoch:34 0.5513  0.9135  0.6695  -1.0000  0.0000  0.5912  0.5700  0.5992  0.5992  -1.0000  0.0000  0.6225  0.1524  0.000040
epoch:35 0.5554  0.9157  0.7097  -1.0000  0.0000  0.5943  0.6017  0.6017  0.6017  -1.0000  0.0000  0.6250  0.1531  0.000040
epoch:36 0.5549  0.9145  0.6701  -1.0000  0.0000  0.5963  0.5767  0.6058  0.6058  -1.0000  0.0000  0.6300  0.1500  0.000040
epoch:37 0.5295  0.9145  0.7090  -1.0000  0.0000  0.5680  0.5475  0.5725  0.5725  -1.0000  0.0000  0.5950  0.1490  0.000040
epoch:38 0.5321  0.9157  0.7097  -1.0000  0.0000  0.5739  0.5517  0.5850  0.5850  -1.0000  0.0000  0.6100  0.1488  0.000040
epoch:39 0.5582  0.9170  0.7140  -1.0000  0.0000  0.5968  0.5767  0.6017  0.6017  -1.0000  0.0000  0.6250  0.1463  0.000040
epoch:40 0.5646  0.9145  0.7125  -1.0000  0.0000  0.6067  0.5833  0.6083  0.6083  -1.0000  0.0000  0.6325  0.1500  0.000040
epoch:41 0.5389  0.9400  0.7097  -1.0000  0.0200  0.5774  0.5517  0.5850  0.5850  -1.0000  0.1000  0.6050  0.1512  0.000040
epoch:42 0.5364  0.9097  0.7348  -1.0000  0.0000  0.5750  0.5592  0.5883  0.5883  -1.0000  0.0000  0.6125  0.1487  0.000040
epoch:43 0.5672  0.9170  0.7105  -1.0000  0.0000  0.6098  0.5833  0.6125  0.6125  -1.0000  0.0000  0.6375  0.1496  0.000040
epoch:44 0.5665  0.9145  0.7090  -1.0000  0.0000  0.6070  0.5817  0.6067  0.6067  -1.0000  0.0000  0.6300  0.1490  0.000040
epoch:45 0.5546  0.9170  0.7105  -1.0000  0.0000  0.5960  0.5742  0.6033  0.6033  -1.0000  0.0000  0.6275  0.1476  0.000040
epoch:46 0.5628  0.9157  0.7132  -1.0000  0.0000  0.6035  0.5817  0.6108  0.6108  -1.0000  0.0000  0.6350  0.1478  0.000040
epoch:47 0.5632  0.9186  0.7114  -1.0000  0.0000  0.6024  0.5767  0.6058  0.6058  -1.0000  0.0000  0.6300  0.1466  0.000040
epoch:48 0.5457  0.9416  0.7140  -1.0000  0.0200  0.5858  0.5583  0.5917  0.5917  -1.0000  0.1000  0.6125  0.1469  0.000040
epoch:49 0.5520  0.9186  0.7150  -1.0000  0.0000  0.5930  0.5975  0.5975  0.5975  -1.0000  0.0000  0.6200  0.1500  0.000040
epoch:50 0.5617  0.9170  0.7105  -1.0000  0.0000  0.6024  0.5767  0.6058  0.6058  -1.0000  0.0000  0.6300  0.1486  0.000040
epoch:51 0.5357  0.9157  0.7097  -1.0000  0.0000  0.5813  0.5808  0.5808  0.5808  -1.0000  0.0000  0.6050  0.1497  0.000040
epoch:52 0.5286  0.9289  0.7079  -1.0000  0.0200  0.5646  0.5517  0.5850  0.5850  -1.0000  0.1000  0.6050  0.1478  0.000040
epoch:53 0.5320  0.9083  0.7097  -1.0000  0.0000  0.5725  0.5517  0.5808  0.5808  -1.0000  0.0000  0.6050  0.1468  0.000040
epoch:54 0.5625  0.9170  0.6716  -1.0000  0.0000  0.6044  0.5808  0.6100  0.6100  -1.0000  0.0000  0.6350  0.1473  0.000040
epoch:55 0.5529  0.9145  0.7090  -1.0000  0.0000  0.5925  0.5708  0.5958  0.5958  -1.0000  0.0000  0.6175  0.1488  0.000040
epoch:56 0.5307  0.9416  0.7278  -1.0000  0.0167  0.5740  0.5683  0.5850  0.5850  -1.0000  0.1000  0.6050  0.1509  0.000040
epoch:57 0.5567  0.9170  0.7105  -1.0000  0.0000  0.5966  0.5725  0.6058  0.6058  -1.0000  0.0000  0.6300  0.1453  0.000040
epoch:58 0.5594  0.9135  0.7084  -1.0000  0.0000  0.6011  0.5808  0.6058  0.6058  -1.0000  0.0000  0.6300  0.1468  0.000040
epoch:59 0.5490  0.9157  0.7132  -1.0000  0.0000  0.5858  0.5642  0.5933  0.5933  -1.0000  0.0000  0.6150  0.1490  0.000040
epoch:60 0.5589  0.9170  0.7105  -1.0000  0.0000  0.6029  0.5725  0.6100  0.6100  -1.0000  0.0000  0.6350  0.1465  0.000040
epoch:61 0.5547  0.9186  0.7213  -1.0000  0.0000  0.6010  0.5975  0.6100  0.6100  -1.0000  0.0000  0.6350  0.1467  0.000040
epoch:62 0.5563  0.9145  0.7090  -1.0000  0.0000  0.5947  0.5750  0.6000  0.6000  -1.0000  0.0000  0.6225  0.1493  0.000040
epoch:63 0.5551  0.9157  0.7097  -1.0000  0.0000  0.5930  0.5725  0.5975  0.5975  -1.0000  0.0000  0.6200  0.1450  0.000040
epoch:64 0.5589  0.9145  0.7090  -1.0000  0.0000  0.6009  0.5742  0.6033  0.6033  -1.0000  0.0000  0.6275  0.1463  0.000040
epoch:65 0.5589  0.9170  0.7140  -1.0000  0.0000  0.6026  0.6058  0.6058  0.6058  -1.0000  0.0000  0.6300  0.1473  0.000040
epoch:66 0.5459  0.9157  0.6574  -1.0000  0.0000  0.5840  0.5642  0.5975  0.5975  -1.0000  0.0000  0.6200  0.1451  0.000040
epoch:67 0.5612  0.9355  0.7114  -1.0000  0.0125  0.5993  0.5792  0.6125  0.6125  -1.0000  0.1000  0.6325  0.1487  0.000040
epoch:68 0.5186  0.9157  0.7097  -1.0000  0.0000  0.5571  0.5367  0.5658  0.5658  -1.0000  0.0000  0.5875  0.1458  0.000040
epoch:69 0.5262  0.9367  0.7114  -1.0000  0.0143  0.5596  0.5392  0.5725  0.5725  -1.0000  0.1000  0.5900  0.1456  0.000040
epoch:70 0.5660  0.9170  0.7140  -1.0000  0.0000  0.6087  0.5833  0.6125  0.6125  -1.0000  0.0000  0.6375  0.1461  0.000040
epoch:71 0.5634  0.9157  0.7097  -1.0000  0.0000  0.6057  0.5833  0.6125  0.6125  -1.0000  0.0000  0.6375  0.1474  0.000040
epoch:72 0.5497  0.9383  0.7204  -1.0000  0.0167  0.5902  0.5617  0.6075  0.6075  -1.0000  0.1000  0.6275  0.1460  0.000040
epoch:73 0.5517  0.9186  0.7114  -1.0000  0.0000  0.5918  0.5975  0.5975  0.5975  -1.0000  0.0000  0.6200  0.1444  0.000040
epoch:74 0.5595  0.9205  0.7161  -1.0000  0.0000  0.6006  0.6017  0.6017  0.6017  -1.0000  0.0000  0.6250  0.1437  0.000040
epoch:75 0.5641  0.9186  0.7114  -1.0000  0.0000  0.6078  0.6100  0.6100  0.6100  -1.0000  0.0000  0.6350  0.1429  0.000040
epoch:76 0.5499  0.9145  0.7090  -1.0000  0.0000  0.5918  0.5700  0.5992  0.5992  -1.0000  0.0000  0.6225  0.1419  0.000040
epoch:77 0.5574  0.9416  0.7239  -1.0000  0.0167  0.6028  0.6000  0.6167  0.6167  -1.0000  0.1000  0.6375  0.1448  0.000040
epoch:78 0.5601  0.9157  0.7097  -1.0000  0.0000  0.6046  0.5750  0.6125  0.6125  -1.0000  0.0000  0.6375  0.1459  0.000040
epoch:79 0.5622  0.9170  0.7105  -1.0000  0.0000  0.6080  0.6083  0.6083  0.6083  -1.0000  0.0000  0.6325  0.1477  0.000040
epoch:80 0.5242  0.9205  0.7126  -1.0000  0.0000  0.5627  0.5683  0.5683  0.5683  -1.0000  0.0000  0.5900  0.1459  0.000040
epoch:81 0.5536  0.9145  0.7090  -1.0000  0.0000  0.5920  0.5683  0.5975  0.5975  -1.0000  0.0000  0.6200  0.1474  0.000040
epoch:82 0.5497  0.9170  0.7140  -1.0000  0.0000  0.5897  0.5933  0.5933  0.5933  -1.0000  0.0000  0.6150  0.1435  0.000040
epoch:83 0.5584  0.9157  0.7132  -1.0000  0.0000  0.6024  0.6042  0.6042  0.6042  -1.0000  0.0000  0.6275  0.1453  0.000040
epoch:84 0.5577  0.9157  0.7253  -1.0000  0.0000  0.5981  0.5758  0.6050  0.6050  -1.0000  0.0000  0.6275  0.1425  0.000040
epoch:85 0.5576  0.9170  0.7105  -1.0000  0.0000  0.6014  0.6058  0.6058  0.6058  -1.0000  0.0000  0.6300  0.1481  0.000040
epoch:86 0.5578  0.9170  0.7105  -1.0000  0.0000  0.6014  0.6058  0.6058  0.6058  -1.0000  0.0000  0.6300  0.1474  0.000040
epoch:87 0.5584  0.9157  0.7097  -1.0000  0.0000  0.6001  0.5792  0.6083  0.6083  -1.0000  0.0000  0.6325  0.1419  0.000040
epoch:88 0.5649  0.9186  0.7114  -1.0000  0.0000  0.6096  0.6100  0.6100  0.6100  -1.0000  0.0000  0.6350  0.1421  0.000040
epoch:89 0.5637  0.9170  0.7105  -1.0000  0.0000  0.6096  0.6100  0.6100  0.6100  -1.0000  0.0000  0.6350  0.1432  0.000040
epoch:90 0.5258  0.9416  0.7114  -1.0000  0.0167  0.5653  0.5700  0.5742  0.5742  -1.0000  0.1000  0.5925  0.1406  0.000040
epoch:91 0.5655  0.9170  0.7105  -1.0000  0.0000  0.6114  0.6125  0.6125  0.6125  -1.0000  0.0000  0.6375  0.1432  0.000040
epoch:92 0.5552  0.9454  0.7126  -1.0000  0.0200  0.5918  0.5975  0.6017  0.6017  -1.0000  0.1000  0.6200  0.1433  0.000040
epoch:93 0.5411  0.9186  0.7114  -1.0000  0.0000  0.5839  0.5833  0.5833  0.5833  -1.0000  0.0000  0.6075  0.1421  0.000040
epoch:94 0.5259  0.9205  0.7126  -1.0000  0.0000  0.5652  0.5708  0.5708  0.5708  -1.0000  0.0000  0.5925  0.1426  0.000040
epoch:95 0.5647  0.9157  0.7097  -1.0000  0.0000  0.6046  0.5833  0.6125  0.6125  -1.0000  0.0000  0.6375  0.1437  0.000040
epoch:96 0.5584  0.9186  0.7114  -1.0000  0.0000  0.6031  0.6083  0.6083  0.6083  -1.0000  0.0000  0.6325  0.1449  0.000040
epoch:97 0.5649  0.9416  0.7114  -1.0000  0.0167  0.6063  0.6058  0.6100  0.6100  -1.0000  0.1000  0.6300  0.1412  0.000040
epoch:98 0.5640  0.9205  0.7126  -1.0000  0.0000  0.6055  0.6083  0.6083  0.6083  -1.0000  0.0000  0.6325  0.1430  0.000040
epoch:99 0.5568  0.9157  0.7097  -1.0000  0.0000  0.5976  0.6058  0.6058  0.6058  -1.0000  0.0000  0.6300  0.1455  0.000040
epoch:100 0.5219  0.9310  0.7097  -1.0000  0.0167  0.5566  0.5683  0.5725  0.5725  -1.0000  0.1000  0.5900  0.1426  0.000040
epoch:101 0.5633  0.9170  0.7069  -1.0000  0.0000  0.6054  0.6133  0.6133  0.6133  -1.0000  0.0000  0.6375  0.1443  0.000040
epoch:102 0.5546  0.9186  0.6725  -1.0000  0.0000  0.5937  0.6033  0.6033  0.6033  -1.0000  0.0000  0.6275  0.1403  0.000040
epoch:103 0.5549  0.9170  0.7105  -1.0000  0.0000  0.5962  0.6025  0.6025  0.6025  -1.0000  0.0000  0.6250  0.1440  0.000040
epoch:104 0.5641  0.9170  0.7105  -1.0000  0.0000  0.6098  0.6133  0.6133  0.6133  -1.0000  0.0000  0.6375  0.1414  0.000040
epoch:105 0.5565  0.9186  0.7114  -1.0000  0.0000  0.5980  0.6017  0.6017  0.6017  -1.0000  0.0000  0.6250  0.1423  0.000040
epoch:106 0.5579  0.9145  0.7090  -1.0000  0.0000  0.5993  0.5792  0.6083  0.6083  -1.0000  0.0000  0.6325  0.1402  0.000040
epoch:107 0.5573  0.9186  0.7114  -1.0000  0.0000  0.5980  0.6017  0.6017  0.6017  -1.0000  0.0000  0.6250  0.1385  0.000040
epoch:108 0.5602  0.9383  0.7176  -1.0000  0.0167  0.5967  0.6017  0.6058  0.6058  -1.0000  0.1000  0.6250  0.1392  0.000040
epoch:109 0.5273  0.9400  0.7126  -1.0000  0.0167  0.5635  0.5683  0.5725  0.5725  -1.0000  0.1000  0.5900  0.1419  0.000040
epoch:110 0.5629  0.9170  0.7105  -1.0000  0.0000  0.6096  0.6100  0.6100  0.6100  -1.0000  0.0000  0.6350  0.1401  0.000040
epoch:111 0.5506  0.9186  0.7079  -1.0000  0.0000  0.5902  0.5958  0.5958  0.5958  -1.0000  0.0000  0.6175  0.1406  0.000040
epoch:112 0.5561  0.9383  0.7114  -1.0000  0.0143  0.5965  0.5992  0.6033  0.6033  -1.0000  0.1000  0.6225  0.1387  0.000040
epoch:113 0.5627  0.9186  0.7114  -1.0000  0.0000  0.6063  0.6058  0.6058  0.6058  -1.0000  0.0000  0.6300  0.1385  0.000040
epoch:114 0.5377  0.9186  0.7114  -1.0000  0.0000  0.5813  0.5808  0.5808  0.5808  -1.0000  0.0000  0.6050  0.1422  0.000040
epoch:115 0.5669  0.9186  0.7114  -1.0000  0.0000  0.6083  0.6092  0.6092  0.6092  -1.0000  0.0000  0.6325  0.1406  0.000040
epoch:116 0.5572  0.9170  0.7105  -1.0000  0.0000  0.5998  0.6042  0.6042  0.6042  -1.0000  0.0000  0.6275  0.1404  0.000040
epoch:117 0.5486  0.9170  0.7105  -1.0000  0.0000  0.5846  0.5933  0.5933  0.5933  -1.0000  0.0000  0.6150  0.1411  0.000040
epoch:118 0.5686  0.9186  0.7079  -1.0000  0.0000  0.6136  0.6133  0.6133  0.6133  -1.0000  0.0000  0.6375  0.1399  0.000040
epoch:119 0.5579  0.9186  0.7114  -1.0000  0.0000  0.6014  0.6058  0.6058  0.6058  -1.0000  0.0000  0.6300  0.1408  0.000040
epoch:120 0.5576  0.9229  0.7140  -1.0000  0.0000  0.5943  0.5933  0.5933  0.5933  -1.0000  0.0000  0.6150  0.1398  0.000040
epoch:121 0.5394  0.9186  0.7288  -1.0000  0.0000  0.5804  0.5867  0.5867  0.5867  -1.0000  0.0000  0.6100  0.1419  0.000040
epoch:122 0.5533  0.9454  0.7126  -1.0000  0.0200  0.5902  0.5958  0.6000  0.6000  -1.0000  0.1000  0.6175  0.1392  0.000040
epoch:123 0.5624  0.9186  0.7114  -1.0000  0.0000  0.6030  0.6042  0.6042  0.6042  -1.0000  0.0000  0.6275  0.1396  0.000040
epoch:124 0.5597  0.9416  0.7126  -1.0000  0.0167  0.5980  0.6017  0.6058  0.6058  -1.0000  0.1000  0.6250  0.1417  0.000040
epoch:125 0.5641  0.9416  0.7317  -1.0000  0.0200  0.6035  0.6067  0.6108  0.6108  -1.0000  0.1000  0.6300  0.1370  0.000040
epoch:126 0.5610  0.9416  0.7278  -1.0000  0.0200  0.6007  0.6083  0.6125  0.6125  -1.0000  0.1000  0.6325  0.1392  0.000040
epoch:127 0.5277  0.9409  0.7140  -1.0000  0.0143  0.5635  0.5683  0.5725  0.5725  -1.0000  0.1000  0.5900  0.1389  0.000040
epoch:128 0.5660  0.9229  0.7140  -1.0000  0.0000  0.6072  0.6058  0.6058  0.6058  -1.0000  0.0000  0.6300  0.1378  0.000040
epoch:129 0.5729  0.9454  0.7299  -1.0000  0.0200  0.6139  0.6150  0.6192  0.6192  -1.0000  0.1000  0.6400  0.1399  0.000040
epoch:130 0.5388  0.9186  0.7114  -1.0000  0.0000  0.5813  0.5792  0.5792  0.5792  -1.0000  0.0000  0.6025  0.1399  0.000040
epoch:131 0.5618  0.9170  0.7317  -1.0000  0.0000  0.6003  0.6067  0.6067  0.6067  -1.0000  0.0000  0.6300  0.1426  0.000040
epoch:132 0.5731  0.9369  0.7196  -1.0000  0.0000  0.6071  0.6042  0.6042  0.6042  -1.0000  0.0000  0.6275  0.1391  0.000040
epoch:133 0.5593  0.9229  0.7140  -1.0000  0.0000  0.5998  0.6042  0.6042  0.6042  -1.0000  0.0000  0.6275  0.1414  0.000040
epoch:134 0.5661  0.9205  0.7126  -1.0000  0.0000  0.6080  0.6083  0.6083  0.6083  -1.0000  0.0000  0.6325  0.1412  0.000040
epoch:135 0.5599  0.9229  0.7140  -1.0000  0.0000  0.5981  0.6000  0.6000  0.6000  -1.0000  0.0000  0.6225  0.1394  0.000040
epoch:136 0.5590  0.9205  0.7126  -1.0000  0.0000  0.5989  0.6017  0.6017  0.6017  -1.0000  0.0000  0.6250  0.1386  0.000040
epoch:137 0.5629  0.9454  0.7299  -1.0000  0.0200  0.6054  0.6108  0.6150  0.6150  -1.0000  0.1000  0.6350  0.1385  0.000040
epoch:138 0.5578  0.9229  0.7140  -1.0000  0.0000  0.5980  0.6017  0.6017  0.6017  -1.0000  0.0000  0.6250  0.1379  0.000040
epoch:139 0.5576  0.9310  0.7150  -1.0000  0.0167  0.5903  0.5975  0.6017  0.6017  -1.0000  0.1000  0.6200  0.1375  0.000040
epoch:140 0.5509  0.9229  0.7140  -1.0000  0.0000  0.5885  0.5933  0.5933  0.5933  -1.0000  0.0000  0.6150  0.1368  0.000040
epoch:141 0.5626  0.9255  0.7175  -1.0000  0.0000  0.5986  0.6000  0.6000  0.6000  -1.0000  0.0000  0.6225  0.1398  0.000040
epoch:142 0.5639  0.9170  0.7105  -1.0000  0.0000  0.6066  0.6083  0.6083  0.6083  -1.0000  0.0000  0.6325  0.1397  0.000040
epoch:143 0.5696  0.9454  0.7270  -1.0000  0.0200  0.6124  0.6133  0.6175  0.6175  -1.0000  0.1000  0.6375  0.1380  0.000040
epoch:144 0.5536  0.9454  0.7114  -1.0000  0.0200  0.5902  0.5958  0.6000  0.6000  -1.0000  0.1000  0.6175  0.1379  0.000040
epoch:145 0.5610  0.9229  0.7445  -1.0000  0.0000  0.6026  0.5942  0.6067  0.6067  -1.0000  0.0000  0.6300  0.1362  0.000040
epoch:146 0.5571  0.9383  0.6630  -1.0000  0.0167  0.5992  0.5992  0.6033  0.6033  -1.0000  0.1000  0.6225  0.1397  0.000040
epoch:147 0.5696  0.9205  0.7338  -1.0000  0.0000  0.6110  0.6108  0.6108  0.6108  -1.0000  0.0000  0.6350  0.1395  0.000040
epoch:148 0.5554  0.9186  0.7288  -1.0000  0.0000  0.5928  0.5983  0.5983  0.5983  -1.0000  0.0000  0.6200  0.1384  0.000040
epoch:149 0.5715  0.9205  0.7509  -1.0000  0.0000  0.6177  0.6075  0.6200  0.6200  -1.0000  0.0000  0.6450  0.1387  0.000040
epoch:150 0.5668  0.9186  0.7407  -1.0000  0.0000  0.6153  0.6033  0.6158  0.6158  -1.0000  0.0000  0.6400  0.1387  0.000040
epoch:151 0.5567  0.9186  0.6796  -1.0000  0.0000  0.6002  0.6067  0.6067  0.6067  -1.0000  0.0000  0.6300  0.1383  0.000040
epoch:152 0.5266  0.9229  0.7140  -1.0000  0.0000  0.5635  0.5683  0.5683  0.5683  -1.0000  0.0000  0.5900  0.1364  0.000040
epoch:153 0.5365  0.9229  0.7140  -1.0000  0.0000  0.5764  0.5808  0.5808  0.5808  -1.0000  0.0000  0.6050  0.1398  0.000040
epoch:154 0.5307  0.9383  0.7097  -1.0000  0.0167  0.5680  0.5725  0.5767  0.5767  -1.0000  0.1000  0.5950  0.1363  0.000040
epoch:155 0.5584  0.9383  0.7105  -1.0000  0.0143  0.5989  0.6017  0.6058  0.6058  -1.0000  0.1000  0.6250  0.1356  0.000040
epoch:156 0.5351  0.9416  0.7126  -1.0000  0.0167  0.5748  0.5792  0.5833  0.5833  -1.0000  0.1000  0.6025  0.1364  0.000040
epoch:157 0.5422  0.9170  0.6638  -1.0000  0.0000  0.5821  0.5867  0.5867  0.5867  -1.0000  0.0000  0.6075  0.1362  0.000040
epoch:158 0.5632  0.9500  0.7175  -1.0000  0.0200  0.5992  0.6000  0.6042  0.6042  -1.0000  0.1000  0.6225  0.1342  0.000040
epoch:159 0.5626  0.9386  0.7282  -1.0000  0.0143  0.5985  0.6050  0.6092  0.6092  -1.0000  0.1000  0.6275  0.1369  0.000040
epoch:160 0.5525  0.9416  0.7261  -1.0000  0.0167  0.5913  0.5958  0.6000  0.6000  -1.0000  0.1000  0.6175  0.1396  0.000040
epoch:161 0.5680  0.9205  0.7282  -1.0000  0.0000  0.6124  0.6133  0.6133  0.6133  -1.0000  0.0000  0.6375  0.1370  0.000040
epoch:162 0.5418  0.9205  0.7246  -1.0000  0.0000  0.5858  0.5933  0.5933  0.5933  -1.0000  0.0000  0.6175  0.1380  0.000040
epoch:163 0.5683  0.9186  0.7327  -1.0000  0.0000  0.6081  0.6075  0.6075  0.6075  -1.0000  0.0000  0.6300  0.1365  0.000040
epoch:164 0.5709  0.9186  0.7296  -1.0000  0.0000  0.6131  0.6158  0.6158  0.6158  -1.0000  0.0000  0.6400  0.1352  0.000040
epoch:165 0.5710  0.9186  0.7464  -1.0000  0.0000  0.6182  0.6058  0.6183  0.6183  -1.0000  0.0000  0.6425  0.1354  0.000040
epoch:166 0.5676  0.9423  0.7445  -1.0000  0.0143  0.6122  0.6050  0.6217  0.6217  -1.0000  0.1000  0.6425  0.1382  0.000040
epoch:167 0.5501  0.9205  0.6883  -1.0000  0.0000  0.5954  0.5908  0.6033  0.6033  -1.0000  0.0000  0.6275  0.1369  0.000040
epoch:168 0.5569  0.9454  0.7282  -1.0000  0.0200  0.5945  0.6008  0.6050  0.6050  -1.0000  0.1000  0.6225  0.1349  0.000040
epoch:169 0.5531  0.9229  0.6673  -1.0000  0.0000  0.5918  0.5967  0.5967  0.5967  -1.0000  0.0000  0.6200  0.1376  0.000040
epoch:170 0.5623  0.9186  0.7288  -1.0000  0.0000  0.6032  0.6067  0.6067  0.6067  -1.0000  0.0000  0.6300  0.1353  0.000040
epoch:171 0.5616  0.9383  0.7445  -1.0000  0.0143  0.6074  0.6008  0.6175  0.6175  -1.0000  0.1000  0.6375  0.1345  0.000040
epoch:172 0.5604  0.9416  0.7424  -1.0000  0.0167  0.6081  0.6025  0.6192  0.6192  -1.0000  0.1000  0.6400  0.1342  0.000040
epoch:173 0.5618  0.9400  0.7282  -1.0000  0.0167  0.6006  0.6025  0.6067  0.6067  -1.0000  0.1000  0.6250  0.1372  0.000040
epoch:174 0.5575  0.9186  0.7114  -1.0000  0.0000  0.5966  0.6008  0.6008  0.6008  -1.0000  0.0000  0.6225  0.1344  0.000040
epoch:175 0.5504  0.9205  0.7225  -1.0000  0.0200  0.5822  0.5742  0.5908  0.5908  -1.0000  0.1000  0.6050  0.1357  0.000040
epoch:176 0.5676  0.9369  0.7196  -1.0000  0.0000  0.5989  0.6017  0.6017  0.6017  -1.0000  0.0000  0.6250  0.1363  0.000040
epoch:177 0.5515  0.9186  0.7156  -1.0000  0.0167  0.5805  0.5817  0.5858  0.5858  -1.0000  0.1000  0.6000  0.1352  0.000040
epoch:178 0.5623  0.9416  0.7278  -1.0000  0.0200  0.6045  0.6008  0.6133  0.6133  -1.0000  0.1000  0.6325  0.1331  0.000040
epoch:179 0.5690  0.9617  0.7397  -1.0000  0.0200  0.5994  0.6050  0.6092  0.6092  -1.0000  0.1000  0.6275  0.1353  0.000040
epoch:180 0.5597  0.9454  0.7126  -1.0000  0.0200  0.5975  0.5975  0.6017  0.6017  -1.0000  0.1000  0.6200  0.1340  0.000040
epoch:181 0.5581  0.9383  0.6970  -1.0000  0.0143  0.6005  0.5958  0.6125  0.6125  -1.0000  0.1000  0.6325  0.1345  0.000040
epoch:182 0.5606  0.9145  0.6849  -1.0000  0.0000  0.5969  0.5792  0.6042  0.6042  -1.0000  0.0000  0.6275  0.1360  0.000040
epoch:183 0.5540  0.9205  0.6659  -1.0000  0.0000  0.5934  0.5975  0.5975  0.5975  -1.0000  0.0000  0.6200  0.1365  0.000040
epoch:184 0.5709  0.9500  0.7175  -1.0000  0.0167  0.6062  0.6092  0.6133  0.6133  -1.0000  0.1000  0.6325  0.1357  0.000040
epoch:185 0.5586  0.9079  0.7243  -1.0000  0.0000  0.5855  0.5867  0.5867  0.5867  -1.0000  0.0000  0.6050  0.1340  0.000040
epoch:186 0.5633  0.9356  0.7278  -1.0000  0.0167  0.6032  0.6092  0.6133  0.6133  -1.0000  0.1000  0.6325  0.1352  0.000040
epoch:187 0.5733  0.9369  0.7369  -1.0000  0.0000  0.6036  0.6050  0.6050  0.6050  -1.0000  0.0000  0.6275  0.1358  0.000040
epoch:188 0.5809  0.9563  0.7243  -1.0000  0.0200  0.6080  0.6117  0.6158  0.6158  -1.0000  0.1000  0.6350  0.1345  0.000040
epoch:189 0.5614  0.9186  0.7327  -1.0000  0.0000  0.6021  0.6042  0.6042  0.6042  -1.0000  0.0000  0.6275  0.1359  0.000040
epoch:190 0.5819  0.9579  0.7282  -1.0000  0.0167  0.6104  0.6092  0.6133  0.6133  -1.0000  0.1000  0.6325  0.1361  0.000040
epoch:191 0.5625  0.9367  0.7442  -1.0000  0.0200  0.6053  0.6033  0.6200  0.6200  -1.0000  0.1000  0.6400  0.1344  0.000040
epoch:192 0.5678  0.9145  0.7302  -1.0000  0.0000  0.6070  0.5842  0.6092  0.6092  -1.0000  0.0000  0.6325  0.1346  0.000040
epoch:193 0.5695  0.9229  0.7313  -1.0000  0.0000  0.6119  0.6108  0.6108  0.6108  -1.0000  0.0000  0.6350  0.1340  0.000040
epoch:194 0.5576  0.9416  0.7335  -1.0000  0.0200  0.5948  0.6000  0.6042  0.6042  -1.0000  0.1000  0.6225  0.1354  0.000040
epoch:195 0.5621  0.9416  0.6978  -1.0000  0.0167  0.6076  0.6050  0.6217  0.6217  -1.0000  0.1000  0.6425  0.1335  0.000040
epoch:196 0.5791  0.9186  0.7288  -1.0000  0.0000  0.6230  0.6200  0.6200  0.6200  -1.0000  0.0000  0.6450  0.1349  0.000040
epoch:197 0.5630  0.9383  0.7253  -1.0000  0.0167  0.6036  0.6050  0.6092  0.6092  -1.0000  0.1000  0.6275  0.1345  0.000040
epoch:198 0.5719  0.9205  0.7173  -1.0000  0.0000  0.6116  0.6117  0.6117  0.6117  -1.0000  0.0000  0.6350  0.1345  0.000040
epoch:199 0.5725  0.9547  0.7105  -1.0000  0.0167  0.5999  0.6025  0.6067  0.6067  -1.0000  0.1000  0.6250  0.1341  0.000040
